user_id; scenario; distraction; ehmi; timestamp; userPositionX; userPositionY; userPositionZ; playerPositon; time; focused object
39; Pedestrian; Noise; None; 20.12.2023 15:03:56; 805.1; -0.24;241; HI; null;
39; Pedestrian; Noise; None; 20.12.2023 15:03:56; 805.1; 0.001800179;241; Sidewalk; 0.02; null
39; Pedestrian; Noise; None; 20.12.2023 15:03:57; 805.1; 0.001800179;241; Sidewalk; 0.02; null
39; Pedestrian; Noise; None; 20.12.2023 15:03:57; 805.1; 0.001800179;241; Sidewalk; 0.02; null
39; Pedestrian; Noise; None; 20.12.2023 15:03:57; 805.1; 0.001800179;241; Sidewalk; 0.02; null
39; Pedestrian; Noise; None; 20.12.2023 15:03:57; 805.1; 0.001800179;241; Sidewalk; 0.02; null
39; Pedestrian; Noise; None; 20.12.2023 15:03:57; 805.1; 0.001800179;241; Sidewalk; 0.02; null
39; Pedestrian; Noise; None; 20.12.2023 15:03:57; 805.1; 0.001800179;241; Sidewalk; 0.02; null
39; Pedestrian; Noise; None; 20.12.2023 15:03:57; 805.1; 0.001800179;241; Sidewalk; 0.02; null
39; Pedestrian; Noise; None; 20.12.2023 15:03:57; 805.1; 0.001800179;241; Sidewalk; 0.02; null
39; Pedestrian; Noise; None; 20.12.2023 15:03:57; 805.1; 0.001800179;241; Sidewalk; 0.02; null
39; Pedestrian; Noise; None; 20.12.2023 15:03:57; 805.1; 0.001800179;241; Sidewalk; 0.02; null
39; Pedestrian; Noise; None; 20.12.2023 15:03:57; 805.1; 0.001800179;241; Sidewalk; 0.02; null
39; Pedestrian; Noise; None; 20.12.2023 15:03:57; 805.1; 0.001800179;241; Sidewalk; 0.02; null
39; Pedestrian; Noise; None; 20.12.2023 15:03:57; 805.1; 0.001800179;241; Sidewalk; 0.02; null
39; Pedestrian; Noise; None; 20.12.2023 15:03:57; 805.1; 0.001800179;241; Sidewalk; 0.02; null
39; Pedestrian; Noise; None; 20.12.2023 15:03:57; 805.1; 0.001800179;241; Sidewalk; 0.02; null
39; Pedestrian; Noise; None; 20.12.2023 15:03:57; 805.1; 0.001800179;241; Sidewalk; 0.02; null
39; Pedestrian; Noise; None; 20.12.2023 15:03:57; 805.1926; 0.001800179; 241.0934; Sidewalk; 0.04; null
39; Pedestrian; Noise; None; 20.12.2023 15:03:57; 805.1926; 0.001800179; 241.0934; Sidewalk; 0.04; null
39; Pedestrian; Noise; None; 20.12.2023 15:03:57; 805.1926; 0.001800179; 241.0934; Sidewalk; 0.04; null
39; Pedestrian; Noise; None; 20.12.2023 15:03:57; 805.1926; 0.001800179; 241.0934; Sidewalk; 0.04; null
39; Pedestrian; Noise; None; 20.12.2023 15:03:57; 805.1757; 0.001800179; 241.0918; Sidewalk; 0.3733333; null
39; Pedestrian; Noise; None; 20.12.2023 15:03:57; 805.1748; 0.001800179; 241.0912; Sidewalk; 0.4466322; null
39; Pedestrian; Noise; None; 20.12.2023 15:03:57;805174; 0.00180006; 241.0906; Sidewalk; 0.4899609; null
39; Pedestrian; Noise; None; 20.12.2023 15:03:57; 805.1736; 0.00180006; 241.0903; Sidewalk; 0.5009879; null
39; Pedestrian; Noise; None; 20.12.2023 15:03:57; 805.1732; 0.00180006; 241.09; Sidewalk; 0.5220003; null
39; Pedestrian; Noise; None; 20.12.2023 15:03:57; 805.1724; 0.00180006; 241.0893; Sidewalk; 0.5545729; null
39; Pedestrian; Noise; None; 20.12.2023 15:03:57; 805.1721; 0.00180006; 241.0889; Sidewalk; 0.5758086; null
39; Pedestrian; Noise; None; 20.12.2023 15:03:57;805172; 0.00180006; 241.0887; Sidewalk; 0.5862383; null
39; Pedestrian; Noise; None; 20.12.2023 15:03:57;805172; 0.00180006; 241.0885; Sidewalk; 0.5974703; null
39; Pedestrian; Noise; None; 20.12.2023 15:03:57; 805.1714; 0.00180006; 241.0877; Sidewalk; 0.6332996; null
39; Pedestrian; Noise; None; 20.12.2023 15:03:57;805171; 0.00180006; 241.0872; Sidewalk; 0.652331; null
39; Pedestrian; Noise; None; 20.12.2023 15:03:57; 805.1706; 0.00180006; 241.0867; Sidewalk; 0.6755903; null
39; Pedestrian; Noise; None; 20.12.2023 15:03:57; 805.1702; 0.00180006; 241.0862; Sidewalk; 0.6963863; null
39; Pedestrian; Noise; None; 20.12.2023 15:03:57; 805.17; 0.00180006; 241.0859; Sidewalk; 0.7077793; null
39; Pedestrian; Noise; None; 20.12.2023 15:03:57; 805.1699; 0.00180006; 241.0853; Sidewalk; 0.7295658; null
39; Pedestrian; Noise; None; 20.12.2023 15:03:57; 805.1698; 0.00180006;241085; Sidewalk; 0.7413631; null
39; Pedestrian; Noise; None; 20.12.2023 15:03:57; 805.1692; 0.00180006; 241.0844; Sidewalk; 0.7649924; null
39; Pedestrian; Noise; None; 20.12.2023 15:03:57; 805.1685; 0.00180006; 241.0837; Sidewalk; 0.796188; null
39; Pedestrian; Noise; None; 20.12.2023 15:03:57; 805.1682; 0.00180006; 241.0835; Sidewalk; 0.8072059; null
39; Pedestrian; Noise; None; 20.12.2023 15:03:57; 805.1675; 0.00180006; 241.0831; Sidewalk; 0.829163; null
39; Pedestrian; Noise; None; 20.12.2023 15:03:58; 805.1669; 0.00180006; 241.0828; Sidewalk; 0.851874; null
39; Pedestrian; Noise; None; 20.12.2023 15:03:58; 805.1662; 0.00180006; 241.0824; Sidewalk; 0.8743406; null
39; Pedestrian; Noise; None; 20.12.2023 15:03:58; 805.1658; 0.00180006; 241.0821; Sidewalk; 0.8964038; null
39; Pedestrian; Noise; None; 20.12.2023 15:03:58; 805.1655; 0.00180006; 241.0819; Sidewalk; 0.9073999; null
39; Pedestrian; Noise; None; 20.12.2023 15:03:58; 805.1652; 0.00180006; 241.0816; Sidewalk; 0.9293446; null
39; Pedestrian; Noise; None; 20.12.2023 15:03:58; 805.1648; 0.00180006; 241.0814; Sidewalk; 0.9522392; null
39; Pedestrian; Noise; None; 20.12.2023 15:03:58; 805.1646; 0.00180006; 241.0812; Sidewalk; 0.9745538; null
39; Pedestrian; Noise; None; 20.12.2023 15:03:58; 805.1644; 0.00180006; 241.0809; Sidewalk; 0.996947; null
39; Pedestrian; Noise; None; 20.12.2023 15:03:58; 805.1643; 0.00180006; 241.0809; Sidewalk; 1.006868; null
39; Pedestrian; Noise; None; 20.12.2023 15:03:58; 805.1642; 0.00180006; 241.0807; Sidewalk; 1.029387; null
39; Pedestrian; Noise; None; 20.12.2023 15:03:58; 805.1638; 0.00180006; 241.0805; Sidewalk; 1.052368; null
39; Pedestrian; Noise; None; 20.12.2023 15:03:58; 805.1635; 0.00180006; 241.0804; Sidewalk; 1.073943; null
39; Pedestrian; Noise; None; 20.12.2023 15:03:58; 805.1633; 0.00180006; 241.0803; Sidewalk; 1.096538; null
39; Pedestrian; Noise; None; 20.12.2023 15:03:58;805163; 0.00180006; 241.0802; Sidewalk; 1.106815; null
39; Pedestrian; Noise; None; 20.12.2023 15:03:58; 805.1627; 0.00180006; 241.0802; Sidewalk; 1.129538; null
39; Pedestrian; Noise; None; 20.12.2023 15:03:58; 805.1623; 0.00180006; 241.0802; Sidewalk; 1.151809; null
39; Pedestrian; Noise; None; 20.12.2023 15:03:58;805162; 0.00180006; 241.0803; Sidewalk; 1.174813; null
39; Pedestrian; Noise; None; 20.12.2023 15:03:58; 805.1617; 0.00180006; 241.0803; Sidewalk; 1.1853; null
39; Pedestrian; Noise; None; 20.12.2023 15:03:58; 805.1614; 0.00180006; 241.0802; Sidewalk; 1.199093; null
39; Pedestrian; Noise; None; 20.12.2023 15:03:58;805161; 0.00180006; 241.0804; Sidewalk; 1.227184; null
39; Pedestrian; Noise; None; 20.12.2023 15:03:58; 805.1599; 0.00180006; 241.0804; Sidewalk; 1.255403; null
39; Pedestrian; Noise; None; 20.12.2023 15:03:58; 805.1593; 0.00180006; 241.0805; Sidewalk; 1.273701; null
39; Pedestrian; Noise; None; 20.12.2023 15:03:58; 805.1587; 0.00180006; 241.0805; Sidewalk; 1.296232; null
39; Pedestrian; Noise; None; 20.12.2023 15:03:58; 805.1581; 0.00180006; 241.0806; Sidewalk; 1.306753; null
39; Pedestrian; Noise; None; 20.12.2023 15:03:58; 805.1574; 0.00180006; 241.0807; Sidewalk; 1.329195; null
39; Pedestrian; Noise; None; 20.12.2023 15:03:58; 805.1567; 0.00180006; 241.0807; Sidewalk; 1.351581; null
39; Pedestrian; Noise; None; 20.12.2023 15:03:58; 805.1561; 0.00180006; 241.0808; Sidewalk; 1.373804; null
39; Pedestrian; Noise; None; 20.12.2023 15:03:58; 805.1554; 0.00180006; 241.0808; Sidewalk; 1.396313; null
39; Pedestrian; Noise; None; 20.12.2023 15:03:58; 805.1551; 0.00180006; 241.0808; Sidewalk; 1.407364; null
39; Pedestrian; Noise; None; 20.12.2023 15:03:58; 805.1547; 0.00180006; 241.0808; Sidewalk; 1.42909; null
39; Pedestrian; Noise; None; 20.12.2023 15:03:58; 805.1539; 0.00180006; 241.0808; Sidewalk; 1.452234; null
39; Pedestrian; Noise; None; 20.12.2023 15:03:58; 805.1535; 0.00180006; 241.0808; Sidewalk; 1.473902; null
39; Pedestrian; Noise; None; 20.12.2023 15:03:58; 805.1529; 0.00180006; 241.0809; Sidewalk; 1.496232; null
39; Pedestrian; Noise; None; 20.12.2023 15:03:58; 805.1526; 0.00180006; 241.0809; Sidewalk; 1.507024; null
39; Pedestrian; Noise; None; 20.12.2023 15:03:58; 805.1522; 0.00180006; 241.0809; Sidewalk; 1.529432; null
39; Pedestrian; Noise; None; 20.12.2023 15:03:58; 805.1516; 0.00180006; 241.0808; Sidewalk; 1.551736; null
39; Pedestrian; Noise; None; 20.12.2023 15:03:58; 805.1511; 0.00180006; 241.0807; Sidewalk; 1.573692; null
39; Pedestrian; Noise; None; 20.12.2023 15:03:58; 805.1506; 0.00180006; 241.0804; Sidewalk; 1.596098; null
39; Pedestrian; Noise; None; 20.12.2023 15:03:58; 805.1503; 0.00180006; 241.0803; Sidewalk; 1.606951; null
39; Pedestrian; Noise; None; 20.12.2023 15:03:58; 805.1495; 0.00180006; 241.0801; Sidewalk; 1.628933; null
39; Pedestrian; Noise; None; 20.12.2023 15:03:58; 805.1489; 0.00180006; 241.08; Sidewalk; 1.651612; null
39; Pedestrian; Noise; None; 20.12.2023 15:03:58; 805.1479; 0.00180006; 241.0797; Sidewalk; 1.673585; null
39; Pedestrian; Noise; None; 20.12.2023 15:03:58;805147; 0.00180006; 241.0795; Sidewalk; 1.696797; null
39; Pedestrian; Noise; None; 20.12.2023 15:03:58; 805.1465; 0.00180006; 241.0794; Sidewalk; 1.707468; null
39; Pedestrian; Noise; None; 20.12.2023 15:03:58; 805.1457; 0.00180006; 241.0791; Sidewalk; 1.729178; null
39; Pedestrian; Noise; None; 20.12.2023 15:03:58; 805.1447; 0.00180006; 241.0788; Sidewalk; 1.751967; null
39; Pedestrian; Noise; None; 20.12.2023 15:03:58; 805.1437; 0.00180006; 241.0785; Sidewalk; 1.775069; null
39; Pedestrian; Noise; None; 20.12.2023 15:03:58; 805.1433; 0.00180006; 241.0783; Sidewalk; 1.786157; null
39; Pedestrian; Noise; None; 20.12.2023 15:03:58; 805.1429; 0.00180006; 241.0782; Sidewalk; 1.798011; null
39; Pedestrian; Noise; None; 20.12.2023 15:03:58; 805.1418; 0.00180006; 241.0778; Sidewalk; 1.820753; null
39; Pedestrian; Noise; None; 20.12.2023 15:03:59; 805.1406; 0.00180006; 241.0774; Sidewalk; 1.84402; null
39; Pedestrian; Noise; None; 20.12.2023 15:03:59; 805.1397; 0.00180006; 241.0769; Sidewalk; 1.865266; null
39; Pedestrian; Noise; None; 20.12.2023 15:03:59; 805.1389; 0.00180006; 241.0765; Sidewalk; 1.888189; null
39; Pedestrian; Noise; None; 20.12.2023 15:03:59; 805.1384; 0.00180006; 241.0763; Sidewalk; 1.899377; null
39; Pedestrian; Noise; None; 20.12.2023 15:03:59; 805.1375; 0.00180006; 241.0757; Sidewalk; 1.921265; null
39; Pedestrian; Noise; None; 20.12.2023 15:03:59; 805.1366; 0.00180006; 241.0751; Sidewalk; 1.943973; null
39; Pedestrian; Noise; None; 20.12.2023 15:03:59; 805.1356; 0.00180006; 241.0745; Sidewalk; 1.96533; null
39; Pedestrian; Noise; None; 20.12.2023 15:03:59; 805.1346; 0.00180006; 241.0737; Sidewalk; 1.988256; null
39; Pedestrian; Noise; None; 20.12.2023 15:03:59; 805.1342; 0.00180006; 241.0733; Sidewalk; 1.999466; null
39; Pedestrian; Noise; None; 20.12.2023 15:03:59; 805.1335; 0.00180006; 241.0725; Sidewalk; 2.021292; null
39; Pedestrian; Noise; None; 20.12.2023 15:03:59; 805.1328; 0.00180006; 241.0717; Sidewalk; 2.044006; null
39; Pedestrian; Noise; None; 20.12.2023 15:03:59; 805.1321; 0.00180006; 241.0708; Sidewalk; 2.065641; null
39; Pedestrian; Noise; None; 20.12.2023 15:03:59; 805.1313; 0.00180006; 241.07; Sidewalk; 2.087669; null
39; Pedestrian; Noise; None; 20.12.2023 15:03:59;805131; 0.00180006; 241.0696; Sidewalk; 2.09916; null
39; Pedestrian; Noise; None; 20.12.2023 15:03:59; 805.1304; 0.00180006; 241.0687; Sidewalk; 2.121456; null
39; Pedestrian; Noise; None; 20.12.2023 15:03:59; 805.1296; 0.00180006; 241.0679; Sidewalk; 2.144527; null
39; Pedestrian; Noise; None; 20.12.2023 15:03:59;805129; 0.00180006; 241.0671; Sidewalk; 2.165215; null
39; Pedestrian; Noise; None; 20.12.2023 15:03:59; 805.1283; 0.00180006; 241.0664; Sidewalk; 2.188195; null
39; Pedestrian; Noise; None; 20.12.2023 15:03:59;805128; 0.00180006;241066; Sidewalk; 2.199795; null
39; Pedestrian; Noise; None; 20.12.2023 15:03:59; 805.1273; 0.00180006; 241.0653; Sidewalk; 2.22135; null
39; Pedestrian; Noise; None; 20.12.2023 15:03:59; 805.1266; 0.00180006; 241.0646; Sidewalk; 2.243644; null
39; Pedestrian; Noise; None; 20.12.2023 15:03:59; 805.1259; 0.00180006; 241.0639; Sidewalk; 2.265072; null
39; Pedestrian; Noise; None; 20.12.2023 15:03:59; 805.1253; 0.00180006; 241.0632; Sidewalk; 2.287424; null
39; Pedestrian; Noise; None; 20.12.2023 15:03:59; 805.1252; 0.00180006; 241.0629; Sidewalk; 2.298788; null
39; Pedestrian; Noise; None; 20.12.2023 15:03:59; 805.1248; 0.00180006; 241.0623; Sidewalk; 2.320872; null
39; Pedestrian; Noise; None; 20.12.2023 15:03:59; 805.1248; 0.00180006; 241.0616; Sidewalk; 2.343436; null
39; Pedestrian; Noise; None; 20.12.2023 15:03:59; 805.1248; 0.00180006;241061; Sidewalk; 2.365023; null
39; Pedestrian; Noise; None; 20.12.2023 15:03:59; 805.1249; 0.00180006; 241.0604; Sidewalk; 2.387224; null
39; Pedestrian; Noise; None; 20.12.2023 15:03:59; 805.1249; 0.00180006; 241.0601; Sidewalk; 2.3984; null
39; Pedestrian; Noise; None; 20.12.2023 15:03:59;805125; 0.00180006; 241.0596; Sidewalk; 2.420837; null
39; Pedestrian; Noise; None; 20.12.2023 15:03:59; 805.1254; 0.00180006; 241.0591; Sidewalk; 2.443637; null
39; Pedestrian; Noise; None; 20.12.2023 15:03:59;805126; 0.00180006; 241.0586; Sidewalk; 2.464833; null
39; Pedestrian; Noise; None; 20.12.2023 15:03:59; 805.1269; 0.00180006; 241.0582; Sidewalk; 2.487628; null
39; Pedestrian; Noise; None; 20.12.2023 15:03:59; 805.1273; 0.00180006;241058; Sidewalk; 2.499457; null
39; Pedestrian; Noise; None; 20.12.2023 15:03:59; 805.1283; 0.00180006; 241.0575; Sidewalk; 2.5206; null
39; Pedestrian; Noise; None; 20.12.2023 15:03:59; 805.1294; 0.00180006; 241.0571; Sidewalk; 2.542419; null
39; Pedestrian; Noise; None; 20.12.2023 15:03:59; 805.1304; 0.00180006; 241.0566; Sidewalk; 2.564608; null
39; Pedestrian; Noise; None; 20.12.2023 15:03:59; 805.1313; 0.00180006; 241.0562; Sidewalk; 2.586886; null
39; Pedestrian; Noise; None; 20.12.2023 15:03:59; 805.1318; 0.00180006; 241.0559; Sidewalk; 2.598459; null
39; Pedestrian; Noise; None; 20.12.2023 15:03:59; 805.1328; 0.00180006; 241.0555; Sidewalk; 2.620497; null
39; Pedestrian; Noise; None; 20.12.2023 15:03:59; 805.1342; 0.00180006; 241.0551; Sidewalk; 2.642905; null
39; Pedestrian; Noise; None; 20.12.2023 15:03:59; 805.1349; 0.00180006; 241.0546; Sidewalk; 2.664626; null
39; Pedestrian; Noise; None; 20.12.2023 15:03:59; 805.1356; 0.00180006; 241.0542; Sidewalk; 2.687967; null
39; Pedestrian; Noise; None; 20.12.2023 15:03:59; 805.1359; 0.00180006; 241.0539; Sidewalk; 2.698727; null
39; Pedestrian; Noise; None; 20.12.2023 15:03:59; 805.1359; 0.00180006; 241.0535; Sidewalk; 2.720882; null
39; Pedestrian; Noise; None; 20.12.2023 15:03:59; 805.1358; 0.00180006;241053; Sidewalk; 2.743021; null
39; Pedestrian; Noise; None; 20.12.2023 15:03:59; 805.1361; 0.00180006; 241.0526; Sidewalk; 2.764957; null
39; Pedestrian; Noise; None; 20.12.2023 15:03:59; 805.1353; 0.00180006; 241.0521; Sidewalk; 2.786748; null
39; Pedestrian; Noise; None; 20.12.2023 15:03:59; 805.1349; 0.00180006; 241.0518; Sidewalk; 2.798102; null
39; Pedestrian; Noise; None; 20.12.2023 15:03:59;805134; 0.00180006; 241.0512; Sidewalk; 2.820839; null
39; Pedestrian; Noise; None; 20.12.2023 15:04:00; 805.1329; 0.00180006; 241.0506; Sidewalk; 2.842915; null
39; Pedestrian; Noise; None; 20.12.2023 15:04:00; 805.1317; 0.00180006; 241.0499; Sidewalk; 2.86533; null
39; Pedestrian; Noise; None; 20.12.2023 15:04:00; 805.1304; 0.00180006; 241.0493; Sidewalk; 2.887051; null
39; Pedestrian; Noise; None; 20.12.2023 15:04:00; 805.1296; 0.00180006;241049; Sidewalk; 2.898411; null
39; Pedestrian; Noise; None; 20.12.2023 15:04:00; 805.1282; 0.00180006; 241.0483; Sidewalk; 2.920507; null
39; Pedestrian; Noise; None; 20.12.2023 15:04:00; 805.1264; 0.00180006; 241.0477; Sidewalk; 2.942342; null
39; Pedestrian; Noise; None; 20.12.2023 15:04:00; 805.1243; 0.00180006; 241.0472; Sidewalk; 2.964652; null
39; Pedestrian; Noise; None; 20.12.2023 15:04:00; 805.1223; 0.00180006; 241.0468; Sidewalk; 2.987086; null
39; Pedestrian; Noise; None; 20.12.2023 15:04:00;805121; 0.00180006; 241.0467; Sidewalk; 2.998601; null
39; Pedestrian; Noise; None; 20.12.2023 15:04:00; 805.1183; 0.00180006; 241.0466; Sidewalk; 3.020565; null
39; Pedestrian; Noise; None; 20.12.2023 15:04:00; 805.1151; 0.00180006; 241.0467; Sidewalk; 3.042625; null
39; Pedestrian; Noise; None; 20.12.2023 15:04:00; 805.1114; 0.00180006;241047; Sidewalk; 3.065135; null
39; Pedestrian; Noise; None; 20.12.2023 15:04:00; 805.1071; 0.00180006; 241.0475; Sidewalk; 3.08732; null
39; Pedestrian; Noise; None; 20.12.2023 15:04:00; 805.1048; 0.00180006; 241.0479; Sidewalk; 3.09834; null
39; Pedestrian; Noise; None; 20.12.2023 15:04:00; 805.0995; 0.00180006; 241.0489; Sidewalk; 3.121652; null
39; Pedestrian; Noise; None; 20.12.2023 15:04:00; 805.0941; 0.00180006; 241.0502; Sidewalk; 3.14267; null
39; Pedestrian; Noise; None; 20.12.2023 15:04:00; 805.0885; 0.00180006; 241.0516; Sidewalk; 3.165102; null
39; Pedestrian; Noise; None; 20.12.2023 15:04:00; 805.0826; 0.00180006; 241.0533; Sidewalk; 3.186797; null
39; Pedestrian; Noise; None; 20.12.2023 15:04:00; 805.0797; 0.00180006; 241.0543; Sidewalk; 3.198179; null
39; Pedestrian; Noise; None; 20.12.2023 15:04:00; 805.0736; 0.00180006; 241.0565; Sidewalk; 3.220479; null
39; Pedestrian; Noise; None; 20.12.2023 15:04:00; 805.0679; 0.00180006;241059; Sidewalk; 3.243715; null
39; Pedestrian; Noise; None; 20.12.2023 15:04:00; 805.0627; 0.00180006; 241.0617; Sidewalk; 3.265376; null
39; Pedestrian; Noise; None; 20.12.2023 15:04:00; 805.0572; 0.00180006; 241.0647; Sidewalk; 3.286787; null
39; Pedestrian; Noise; None; 20.12.2023 15:04:00; 805.0547; 0.00180006; 241.0663; Sidewalk; 3.298013; null
39; Pedestrian; Noise; None; 20.12.2023 15:04:00; 805.0474; 0.00180006; 241.0716; Sidewalk; 3.330791; null
39; Pedestrian; Noise; None; 20.12.2023 15:04:00; 805.0428; 0.00180006; 241.0754; Sidewalk; 3.352958; null
39; Pedestrian; Noise; None; 20.12.2023 15:04:00; 805.0381; 0.00180006; 241.0792; Sidewalk; 3.375391; null
39; Pedestrian; Noise; None; 20.12.2023 15:04:00; 805.0337; 0.00180006; 241.0833; Sidewalk; 3.398389; null
39; Pedestrian; Noise; None; 20.12.2023 15:04:00; 805.0337; 0.00180006; 241.0833; Sidewalk; 3.398389; null
39; Pedestrian; Noise; None; 20.12.2023 15:04:00; 805.0273; 0.00180006; 241.0898; Sidewalk; 3.430642; null
39; Pedestrian; Noise; None; 20.12.2023 15:04:00; 805.0239; 0.00180006; 241.0943; Sidewalk; 3.453716; null
39; Pedestrian; Noise; None; 20.12.2023 15:04:00; 805.0209; 0.00180006; 241.0986; Sidewalk; 3.475091; null
39; Pedestrian; Noise; None; 20.12.2023 15:04:00; 805.0182; 0.00180006; 241.1029; Sidewalk; 3.498436; null
39; Pedestrian; Noise; None; 20.12.2023 15:04:00; 805.0168; 0.00180006;241105; Sidewalk; 3.508038; null
39; Pedestrian; Noise; None; 20.12.2023 15:04:00;805014; 0.00180006; 241.1092; Sidewalk; 3.530767; null
39; Pedestrian; Noise; None; 20.12.2023 15:04:00; 805.0115; 0.00180006; 241.1133; Sidewalk; 3.552927; Checking Box AICar
39; Pedestrian; Noise; None; 20.12.2023 15:04:00; 805.0088; 0.00180006; 241.1172; Sidewalk; 3.575513; Checking Box AICar
39; Pedestrian; Noise; None; 20.12.2023 15:04:00; 805.0061; 0.00180006; 241.1207; Sidewalk; 3.597779; Checking Box AICar
39; Pedestrian; Noise; None; 20.12.2023 15:04:00; 805.0046; 0.00180006; 241.1226; Sidewalk; 3.608329; Checking Box AICar
39; Pedestrian; Noise; None; 20.12.2023 15:04:00; 805.0024; 0.00180006;241126; Sidewalk; 3.630375; Checking Box AICar
39; Pedestrian; Noise; None; 20.12.2023 15:04:00; 804.9999; 0.00180006; 241.1293; Sidewalk; 3.652908; Checking Box AICar
39; Pedestrian; Noise; None; 20.12.2023 15:04:00; 804.9987; 0.00180006; 241.1307; Sidewalk; 3.66361; Checking Box AICar
39; Pedestrian; Noise; None; 20.12.2023 15:04:00; 804.9957; 0.00180006; 241.1335; Sidewalk; 3.686926; Checking Box AICar
39; Pedestrian; Noise; None; 20.12.2023 15:04:00; 804.9943; 0.00180006; 241.1348; Sidewalk; 3.6979; Checking Box AICar
39; Pedestrian; Noise; None; 20.12.2023 15:04:00; 804.9911; 0.00180006; 241.1372; Sidewalk; 3.720633; Checking Box AICar
39; Pedestrian; Noise; None; 20.12.2023 15:04:00; 804.9877; 0.00180006; 241.1392; Sidewalk; 3.742734; Checking Box AICar
39; Pedestrian; Noise; None; 20.12.2023 15:04:00; 804.9842; 0.00180006; 241.1409; Sidewalk; 3.764535; Checking Box AICar
39; Pedestrian; Noise; None; 20.12.2023 15:04:00; 804.9805; 0.00180006; 241.1423; Sidewalk; 3.786837; Checking Box AICar
39; Pedestrian; Noise; None; 20.12.2023 15:04:00; 804.9788; 0.00180006;241143; Sidewalk; 3.7993; Checking Box AICar
39; Pedestrian; Noise; None; 20.12.2023 15:04:00; 804.9753; 0.00180006;241144; Sidewalk; 3.820462; Checking Box AICar
39; Pedestrian; Noise; None; 20.12.2023 15:04:01; 804.9708; 0.00180006; 241.1452; Sidewalk; 3.853552; Checking Box AICar
39; Pedestrian; Noise; None; 20.12.2023 15:04:01; 804.9694; 0.00180006; 241.1456; Sidewalk; 3.864374; Checking Box AICar
39; Pedestrian; Noise; None; 20.12.2023 15:04:01; 804.9661; 0.00180006; 241.1468; Sidewalk; 3.897974; Checking Box AICar
39; Pedestrian; Noise; None; 20.12.2023 15:04:01; 804.9652; 0.00180006; 241.1471; Sidewalk; 3.906366; Checking Box AICar
39; Pedestrian; Noise; None; 20.12.2023 15:04:01; 804.9635; 0.00180006; 241.1477; Sidewalk; 3.928943; Checking Box AICar
39; Pedestrian; Noise; None; 20.12.2023 15:04:01; 804.9622; 0.00180006; 241.1483; Sidewalk; 3.951607; Checking Box AICar
39; Pedestrian; Noise; None; 20.12.2023 15:04:01; 804.9613; 0.00180006;241149; Sidewalk; 3.973292; Checking Box AICar
39; Pedestrian; Noise; None; 20.12.2023 15:04:01; 804.9612; 0.00180006; 241.1497; Sidewalk; 3.996647; Checking Box AICar
39; Pedestrian; Noise; None; 20.12.2023 15:04:01; 804.9611; 0.00180006; 241.15; Sidewalk; 4.00704; Checking Box AICar
39; Pedestrian; Noise; None; 20.12.2023 15:04:01; 804.9611; 0.00180006; 241.15; Sidewalk; 4.00704; Checking Box AICar
39; Pedestrian; Noise; None; 20.12.2023 15:04:01; 804.9611; 0.00180006; 241.15; Sidewalk; 4.00704; Checking Box AICar
39; Pedestrian; Noise; None; 20.12.2023 15:04:01; 804.9617; 0.00180006; 241.1517; Sidewalk; 4.019215; Checking Box AICar
39; Pedestrian; Noise; None; 20.12.2023 15:04:01; 804.9633; 0.00180006; 241.1525; Sidewalk; 4.095667; null
39; Pedestrian; Noise; None; 20.12.2023 15:04:01; 804.9638; 0.00180006; 241.1527; Sidewalk; 4.10641; null
39; Pedestrian; Noise; None; 20.12.2023 15:04:01; 804.9653; 0.00180006; 241.1531; Sidewalk; 4.128706; null
39; Pedestrian; Noise; None; 20.12.2023 15:04:01; 804.9667; 0.00180006; 241.1533; Sidewalk; 4.151332; null
39; Pedestrian; Noise; None; 20.12.2023 15:04:01; 804.9682; 0.00180006; 241.1534; Sidewalk; 4.173253; null
39; Pedestrian; Noise; None; 20.12.2023 15:04:01; 804.9699; 0.00180006; 241.1533; Sidewalk; 4.199693; null
39; Pedestrian; Noise; None; 20.12.2023 15:04:01; 804.9709; 0.00180006; 241.1533; Sidewalk; 4.20882; null
39; Pedestrian; Noise; None; 20.12.2023 15:04:01; 804.9728; 0.00180006; 241.1532; Sidewalk; 4.228689; null
39; Pedestrian; Noise; None; 20.12.2023 15:04:01; 804.9748; 0.00180006; 241.1531; Sidewalk; 4.250241; null
39; Pedestrian; Noise; None; 20.12.2023 15:04:01; 804.9775; 0.00180006; 241.1532; Sidewalk; 4.27271; null
39; Pedestrian; Noise; None; 20.12.2023 15:04:01; 804.9804; 0.00180006; 241.1534; Sidewalk; 4.296306; null
39; Pedestrian; Noise; None; 20.12.2023 15:04:01; 804.9819; 0.00180006; 241.1537; Sidewalk; 4.305889; null
39; Pedestrian; Noise; None; 20.12.2023 15:04:01;804985; 0.00180006; 241.1543; Sidewalk; 4.328433; null
39; Pedestrian; Noise; None; 20.12.2023 15:04:01; 804.9889; 0.00180006; 241.1552; Sidewalk; 4.350439; null
39; Pedestrian; Noise; None; 20.12.2023 15:04:01; 804.9929; 0.00180006; 241.1562; Sidewalk; 4.373521; null
39; Pedestrian; Noise; None; 20.12.2023 15:04:01; 804.9973; 0.00180006; 241.1573; Sidewalk; 4.395612; null
39; Pedestrian; Noise; None; 20.12.2023 15:04:01; 804.9996; 0.00180006; 241.1578; Sidewalk; 4.405837; null
39; Pedestrian; Noise; None; 20.12.2023 15:04:01; 805.0047; 0.00180006; 241.1592; Sidewalk; 4.428737; null
39; Pedestrian; Noise; None; 20.12.2023 15:04:01; 805.0103; 0.00180006; 241.1608; Sidewalk; 4.450468; null
39; Pedestrian; Noise; None; 20.12.2023 15:04:01; 805.0162; 0.00180006; 241.1626; Sidewalk; 4.472328; null
39; Pedestrian; Noise; None; 20.12.2023 15:04:01; 805.0225; 0.00180006; 241.1644; Sidewalk; 4.495625; null
39; Pedestrian; Noise; None; 20.12.2023 15:04:01; 805.0258; 0.00180006; 241.1652; Sidewalk; 4.505752; null
39; Pedestrian; Noise; None; 20.12.2023 15:04:01; 805.0322; 0.00180006; 241.1668; Sidewalk; 4.528346; null
39; Pedestrian; Noise; None; 20.12.2023 15:04:01; 805.0388; 0.00180006; 241.1681; Sidewalk; 4.549766; null
39; Pedestrian; Noise; None; 20.12.2023 15:04:01; 805.0452; 0.00180006; 241.1691; Sidewalk; 4.572389; null
39; Pedestrian; Noise; None; 20.12.2023 15:04:01; 805.0515; 0.00180006; 241.1702; Sidewalk; 4.594442; null
39; Pedestrian; Noise; None; 20.12.2023 15:04:01; 805.0544; 0.00180006; 241.1707; Sidewalk; 4.606176; null
39; Pedestrian; Noise; None; 20.12.2023 15:04:01; 805.0609; 0.00180006; 241.1716; Sidewalk; 4.628648; null
39; Pedestrian; Noise; None; 20.12.2023 15:04:01; 805.0673; 0.00180006; 241.1726; Sidewalk; 4.651244; null
39; Pedestrian; Noise; None; 20.12.2023 15:04:01; 805.0732; 0.00180006; 241.1734; Sidewalk; 4.674191; null
39; Pedestrian; Noise; None; 20.12.2023 15:04:01; 805.0797; 0.00180006; 241.1744; Sidewalk; 4.697066; null
39; Pedestrian; Noise; None; 20.12.2023 15:04:01;805083; 0.00180006;241175; Sidewalk; 4.707832; null
39; Pedestrian; Noise; None; 20.12.2023 15:04:01; 805.0897; 0.00180006; 241.1763; Sidewalk; 4.730996; null
39; Pedestrian; Noise; None; 20.12.2023 15:04:01; 805.0934; 0.00180006; 241.1771; Sidewalk; 4.741862; null
39; Pedestrian; Noise; None; 20.12.2023 15:04:01;805106; 0.00180006; 241.1799; Sidewalk; 4.776099; null
39; Pedestrian; Noise; None; 20.12.2023 15:04:01; 805.1151; 0.00180006; 241.1819; Sidewalk; 4.798247; null
39; Pedestrian; Noise; None; 20.12.2023 15:04:01; 805.1151; 0.00180006; 241.1819; Sidewalk; 4.798247; null
39; Pedestrian; Noise; None; 20.12.2023 15:04:01; 805.1289; 0.00180006; 241.1845; Sidewalk; 4.832072; null
39; Pedestrian; Noise; None; 20.12.2023 15:04:02; 805.1334; 0.00180006; 241.1854; Sidewalk; 4.841852; null
39; Pedestrian; Noise; None; 20.12.2023 15:04:02; 805.1472; 0.00180006;241188; Sidewalk; 4.875628; null
39; Pedestrian; Noise; None; 20.12.2023 15:04:02; 805.1573; 0.00180006; 241.1898; Sidewalk; 4.898113; null
39; Pedestrian; Noise; None; 20.12.2023 15:04:02; 805.1624; 0.00180006; 241.1909; Sidewalk; 4.908209; null
39; Pedestrian; Noise; None; 20.12.2023 15:04:02; 805.1722; 0.00180006; 241.1926; Sidewalk; 4.931223; null
39; Pedestrian; Noise; None; 20.12.2023 15:04:02; 805.1773; 0.00180006; 241.1933; Sidewalk; 4.941619; null
39; Pedestrian; Noise; None; 20.12.2023 15:04:02; 805.1906; 0.00180006;241195; Sidewalk; 4.975008; null
39; Pedestrian; Noise; None; 20.12.2023 15:04:02; 805.1978; 0.00180006; 241.1959; Sidewalk; 4.997758; null
39; Pedestrian; Noise; None; 20.12.2023 15:04:02; 805.2009; 0.00180006; 241.1962; Sidewalk; 5.008358; null
39; Pedestrian; Noise; None; 20.12.2023 15:04:02;805206; 0.00180006; 241.1969; Sidewalk; 5.030635; null
39; Pedestrian; Noise; None; 20.12.2023 15:04:02; 805.2091; 0.00180006; 241.1974; Sidewalk; 5.052722; null
39; Pedestrian; Noise; None; 20.12.2023 15:04:02; 805.21; 0.00180006; 241.1977; Sidewalk; 5.075417; null
39; Pedestrian; Noise; None; 20.12.2023 15:04:02; 805.2092; 0.00180006; 241.1978; Sidewalk; 5.098115; null
39; Pedestrian; Noise; None; 20.12.2023 15:04:02; 805.2089; 0.00180006; 241.1979; Sidewalk; 5.108377; null
39; Pedestrian; Noise; None; 20.12.2023 15:04:02; 805.2079; 0.00180006; 241.1981; Sidewalk; 5.119543; null
39; Pedestrian; Noise; None; 20.12.2023 15:04:02; 805.2059; 0.00180006; 241.1983; Sidewalk; 5.152724; null
39; Pedestrian; Noise; None; 20.12.2023 15:04:02; 805.2043; 0.00180006; 241.1983; Sidewalk; 5.175037; null
39; Pedestrian; Noise; None; 20.12.2023 15:04:02; 805.2039; 0.00180006; 241.1984; Sidewalk; 5.186442; null
39; Pedestrian; Noise; None; 20.12.2023 15:04:02; 805.2027; 0.00180006; 241.1984; Sidewalk; 5.209164; null
39; Pedestrian; Noise; None; 20.12.2023 15:04:02; 805.2016; 0.00180006; 241.1984; Sidewalk; 5.230976; null
39; Pedestrian; Noise; None; 20.12.2023 15:04:02; 805.2002; 0.00180006; 241.1985; Sidewalk; 5.252651; null
39; Pedestrian; Noise; None; 20.12.2023 15:04:02; 805.1987; 0.00180006; 241.1985; Sidewalk; 5.274955; null
39; Pedestrian; Noise; None; 20.12.2023 15:04:02; 805.1968; 0.00180006; 241.1985; Sidewalk; 5.29705; null
39; Pedestrian; Noise; None; 20.12.2023 15:04:02; 805.1959; 0.00180006; 241.1985; Sidewalk; 5.308411; null
39; Pedestrian; Noise; None; 20.12.2023 15:04:02;805194; 0.00180006; 241.1985; Sidewalk; 5.330115; null
39; Pedestrian; Noise; None; 20.12.2023 15:04:02; 805.1931; 0.00180006; 241.1984; Sidewalk; 5.341213; null
39; Pedestrian; Noise; None; 20.12.2023 15:04:02; 805.1914; 0.00180006; 241.1983; Sidewalk; 5.368678; null
39; Pedestrian; Noise; None; 20.12.2023 15:04:02; 805.1884; 0.00180006;241198; Sidewalk; 5.399325; null
39; Pedestrian; Noise; None; 20.12.2023 15:04:02; 805.1875; 0.00180006; 241.1979; Sidewalk; 5.406166; null
39; Pedestrian; Noise; None; 20.12.2023 15:04:02;805186; 0.00180006; 241.1978; Sidewalk; 5.427333; null
39; Pedestrian; Noise; None; 20.12.2023 15:04:02; 805.1846; 0.00180006; 241.1977; Sidewalk; 5.449304; null
39; Pedestrian; Noise; None; 20.12.2023 15:04:02; 805.1834; 0.00180006; 241.1976; Sidewalk; 5.471685; null
39; Pedestrian; Noise; None; 20.12.2023 15:04:02; 805.1823; 0.00180006; 241.1977; Sidewalk; 5.494666; null
39; Pedestrian; Noise; None; 20.12.2023 15:04:02; 805.1818; 0.00180006; 241.1977; Sidewalk; 5.504992; null
39; Pedestrian; Noise; None; 20.12.2023 15:04:02; 805.1805; 0.00180006; 241.1977; Sidewalk; 5.52758; null
39; Pedestrian; Noise; None; 20.12.2023 15:04:02; 805.1793; 0.00180006; 241.1976; Sidewalk; 5.549099; null
39; Pedestrian; Noise; None; 20.12.2023 15:04:02; 805.1781; 0.00180006; 241.1976; Sidewalk; 5.572225; null
39; Pedestrian; Noise; None; 20.12.2023 15:04:02; 805.1766; 0.00180006; 241.1974; Sidewalk; 5.593952; null
39; Pedestrian; Noise; None; 20.12.2023 15:04:02; 805.1759; 0.00180006; 241.1973; Sidewalk; 5.605518; null
39; Pedestrian; Noise; None; 20.12.2023 15:04:02; 805.1741; 0.00180006; 241.1971; Sidewalk; 5.626836; null
39; Pedestrian; Noise; None; 20.12.2023 15:04:02; 805.1724; 0.00180006; 241.1969; Sidewalk; 5.649693; null
39; Pedestrian; Noise; None; 20.12.2023 15:04:02; 805.1705; 0.00180006; 241.1967; Sidewalk; 5.672297; null
39; Pedestrian; Noise; None; 20.12.2023 15:04:02; 805.1686; 0.00180006; 241.1965; Sidewalk; 5.695213; null
39; Pedestrian; Noise; None; 20.12.2023 15:04:02; 805.1676; 0.00180006; 241.1963; Sidewalk; 5.704906; null
39; Pedestrian; Noise; None; 20.12.2023 15:04:02; 805.1655; 0.00180006; 241.1959; Sidewalk; 5.727364; null
39; Pedestrian; Noise; None; 20.12.2023 15:04:02; 805.1628; 0.00180006; 241.1954; Sidewalk; 5.749382; null
39; Pedestrian; Noise; None; 20.12.2023 15:04:02; 805.1598; 0.00180006; 241.1946; Sidewalk; 5.771341; null
39; Pedestrian; Noise; None; 20.12.2023 15:04:02; 805.1561; 0.00180006; 241.1937; Sidewalk; 5.79359; null
39; Pedestrian; Noise; None; 20.12.2023 15:04:02; 805.1541; 0.00180006; 241.1932; Sidewalk; 5.805223; null
39; Pedestrian; Noise; None; 20.12.2023 15:04:03; 805.1492; 0.00180006;241192; Sidewalk; 5.82747; null
39; Pedestrian; Noise; None; 20.12.2023 15:04:03; 805.1426; 0.00180006; 241.1905; Sidewalk; 5.850475; null
39; Pedestrian; Noise; None; 20.12.2023 15:04:03; 805.1348; 0.00180006; 241.1888; Sidewalk; 5.87418; null
39; Pedestrian; Noise; None; 20.12.2023 15:04:03;805127; 0.00180006;241187; Sidewalk; 5.896536; null
39; Pedestrian; Noise; None; 20.12.2023 15:04:03; 805.1227; 0.00180006; 241.1861; Sidewalk; 5.90884; Checking Box AICar
39; Pedestrian; Noise; None; 20.12.2023 15:04:03; 805.1143; 0.00180006; 241.1841; Sidewalk; 5.93052; Checking Box AICar
39; Pedestrian; Noise; None; 20.12.2023 15:04:03; 805.1046; 0.00180006; 241.1817; Sidewalk; 5.953224; Checking Box AICar
39; Pedestrian; Noise; None; 20.12.2023 15:04:03; 805.0944; 0.00180006; 241.1788; Sidewalk; 5.973969; Checking Box AICar
39; Pedestrian; Noise; None; 20.12.2023 15:04:03;805083; 0.00180006; 241.1751; Sidewalk; 5.997526; Checking Box AICar
39; Pedestrian; Noise; None; 20.12.2023 15:04:03; 805.0768; 0.00180006;241173; Sidewalk; 6.008343; Checking Box AICar
39; Pedestrian; Noise; None; 20.12.2023 15:04:03; 805.0637; 0.00180006; 241.1686; Sidewalk; 6.030249; Checking Box AICar
39; Pedestrian; Noise; None; 20.12.2023 15:04:03; 805.0508; 0.00180006; 241.1632; Sidewalk; 6.051449; Checking Box AICar
39; Pedestrian; Noise; None; 20.12.2023 15:04:03; 805.0378; 0.00180006;241157; Sidewalk; 6.074942; Checking Box AICar
39; Pedestrian; Noise; None; 20.12.2023 15:04:03; 805.0261; 0.00180006; 241.1501; Sidewalk; 6.096682; Checking Box AICar
39; Pedestrian; Noise; None; 20.12.2023 15:04:03; 805.0212; 0.00180006; 241.1466; Sidewalk; 6.107418; Checking Box AICar
39; Pedestrian; Noise; None; 20.12.2023 15:04:03; 805.0134; 0.00180006; 241.1398; Sidewalk; 6.130065; Checking Box AICar
39; Pedestrian; Noise; None; 20.12.2023 15:04:03; 805.0067; 0.00180006;241133; Sidewalk; 6.152138; null
39; Pedestrian; Noise; None; 20.12.2023 15:04:03; 805.0015; 0.00180006; 241.1258; Sidewalk; 6.175007; null
39; Pedestrian; Noise; None; 20.12.2023 15:04:03; 804.9971; 0.00180006; 241.1178; Sidewalk; 6.196879; null
39; Pedestrian; Noise; None; 20.12.2023 15:04:03; 804.9956; 0.00180006; 241.1138; Sidewalk; 6.207874; null
39; Pedestrian; Noise; None; 20.12.2023 15:04:03; 804.9942; 0.00180006; 241.1057; Sidewalk; 6.230699; null
39; Pedestrian; Noise; None; 20.12.2023 15:04:03; 804.9944; 0.00180006; 241.0976; Sidewalk; 6.252251; null
39; Pedestrian; Noise; None; 20.12.2023 15:04:03; 804.9962; 0.00180006; 241.0895; Sidewalk; 6.275367; null
39; Pedestrian; Noise; None; 20.12.2023 15:04:03; 805.0005; 0.00180006; 241.0817; Sidewalk; 6.297517; null
39; Pedestrian; Noise; None; 20.12.2023 15:04:03; 805.0025; 0.00180006; 241.0781; Sidewalk; 6.308417; null
39; Pedestrian; Noise; None; 20.12.2023 15:04:03; 805.0052; 0.00180006; 241.0744; Sidewalk; 6.319484; null
39; Pedestrian; Noise; None; 20.12.2023 15:04:03; 805.0118; 0.00180006; 241.0675; Sidewalk; 6.342394; null
39; Pedestrian; Noise; None; 20.12.2023 15:04:03; 805.0236; 0.00180006; 241.0582; Sidewalk; 6.375244; null
39; Pedestrian; Noise; None; 20.12.2023 15:04:03; 805.0324; 0.00180006; 241.0528; Sidewalk; 6.398984; null
39; Pedestrian; Noise; None; 20.12.2023 15:04:03; 805.0367; 0.00180006; 241.05; Sidewalk; 6.407771; null
39; Pedestrian; Noise; None; 20.12.2023 15:04:03; 805.0463; 0.00180006; 241.0452; Sidewalk; 6.429729; null
39; Pedestrian; Noise; None; 20.12.2023 15:04:03;805051; 0.00180006;241043; Sidewalk; 6.441067; null
39; Pedestrian; Noise; None; 20.12.2023 15:04:03; 805.0647; 0.00180006; 241.0378; Sidewalk; 6.473966; null
39; Pedestrian; Noise; None; 20.12.2023 15:04:03; 805.0724; 0.00180006; 241.0351; Sidewalk; 6.497799; null
39; Pedestrian; Noise; None; 20.12.2023 15:04:03; 805.0758; 0.00180006;241034; Sidewalk; 6.507548; null
39; Pedestrian; Noise; None; 20.12.2023 15:04:03; 805.0816; 0.00180006;241032; Sidewalk; 6.530526; null
39; Pedestrian; Noise; None; 20.12.2023 15:04:03; 805.0843; 0.00180006; 241.0311; Sidewalk; 6.541313; null
39; Pedestrian; Noise; None; 20.12.2023 15:04:03; 805.0898; 0.00180006; 241.0292; Sidewalk; 6.57546; null
39; Pedestrian; Noise; None; 20.12.2023 15:04:03; 805.0928; 0.00180006; 241.0281; Sidewalk; 6.596424; Checking Box Human Car
39; Pedestrian; Noise; None; 20.12.2023 15:04:03; 805.0936; 0.00180006; 241.0277; Sidewalk; 6.607106; Checking Box Human Car
39; Pedestrian; Noise; None; 20.12.2023 15:04:03; 805.0956; 0.00180006;241027; Sidewalk; 6.628906; Checking Box Human Car
39; Pedestrian; Noise; None; 20.12.2023 15:04:03; 805.0973; 0.00180006; 241.0263; Sidewalk; 6.650803; Checking Box Human Car
39; Pedestrian; Noise; None; 20.12.2023 15:04:03;805098; 0.00180006; 241.0257; Sidewalk; 6.67337; Checking Box Human Car
39; Pedestrian; Noise; None; 20.12.2023 15:04:03; 805.0981; 0.00180006; 241.0253; Sidewalk; 6.695213; Checking Box Human Car
39; Pedestrian; Noise; None; 20.12.2023 15:04:03; 805.0982; 0.00180006; 241.0252; Sidewalk; 6.706271; Checking Box Human Car
39; Pedestrian; Noise; None; 20.12.2023 15:04:03; 805.0983; 0.00180006; 241.0249; Sidewalk; 6.728774; Checking Box Human Car
39; Pedestrian; Noise; None; 20.12.2023 15:04:03; 805.0985; 0.00180006; 241.0243; Sidewalk; 6.750632; Checking Box Human Car
39; Pedestrian; Noise; None; 20.12.2023 15:04:03; 805.0992; 0.00180006; 241.0237; Sidewalk; 6.773393; Checking Box Human Car
39; Pedestrian; Noise; None; 20.12.2023 15:04:03; 805.1002; 0.00180006;241023; Sidewalk; 6.795712; Checking Box Human Car
39; Pedestrian; Noise; None; 20.12.2023 15:04:03; 805.1006; 0.00180006; 241.0226; Sidewalk; 6.806277; Checking Box Human Car
39; Pedestrian; Noise; None; 20.12.2023 15:04:03; 805.1012; 0.00180006; 241.0223; Sidewalk; 6.817651; Checking Box Human Car
39; Pedestrian; Noise; None; 20.12.2023 15:04:04; 805.1027; 0.00180006; 241.0215; Sidewalk; 6.845234; Checking Box Human Car
39; Pedestrian; Noise; None; 20.12.2023 15:04:04; 805.1058; 0.00180006; 241.0205; Sidewalk; 6.874661; Checking Box Human Car
39; Pedestrian; Noise; None; 20.12.2023 15:04:04; 805.1083; 0.00180006; 241.0198; Sidewalk; 6.894917; Checking Box Human Car
39; Pedestrian; Noise; None; 20.12.2023 15:04:04; 805.1096; 0.00180006; 241.0194; Sidewalk; 6.905519; Checking Box Human Car
39; Pedestrian; Noise; None; 20.12.2023 15:04:04; 805.1129; 0.00180006; 241.0184; Sidewalk; 6.927393; null
39; Pedestrian; Noise; None; 20.12.2023 15:04:04; 805.1158; 0.00180006; 241.0175; Sidewalk; 6.950416; null
39; Pedestrian; Noise; None; 20.12.2023 15:04:04; 805.1187; 0.00180006; 241.0167; Sidewalk; 6.97237; null
39; Pedestrian; Noise; None; 20.12.2023 15:04:04; 805.1223; 0.00180006;241016; Sidewalk; 6.994956; null
39; Pedestrian; Noise; None; 20.12.2023 15:04:04; 805.1241; 0.00180006; 241.0156; Sidewalk; 7.00609; null
39; Pedestrian; Noise; None; 20.12.2023 15:04:04;805128; 0.00180006; 241.0148; Sidewalk; 7.027585; null
39; Pedestrian; Noise; None; 20.12.2023 15:04:04; 805.1319; 0.00180006; 241.0141; Sidewalk; 7.050899; null
39; Pedestrian; Noise; None; 20.12.2023 15:04:04; 805.1357; 0.00180006; 241.0136; Sidewalk; 7.072846; null
39; Pedestrian; Noise; None; 20.12.2023 15:04:04; 805.1389; 0.00180006; 241.0134; Sidewalk; 7.09432; null
39; Pedestrian; Noise; None; 20.12.2023 15:04:04; 805.1402; 0.00180006; 241.0133; Sidewalk; 7.105669; null
39; Pedestrian; Noise; None; 20.12.2023 15:04:04; 805.1423; 0.00180006; 241.0132; Sidewalk; 7.12754; null
39; Pedestrian; Noise; None; 20.12.2023 15:04:04; 805.1435; 0.00180006; 241.0132; Sidewalk; 7.150174; null
39; Pedestrian; Noise; None; 20.12.2023 15:04:04; 805.1442; 0.00180006; 241.0133; Sidewalk; 7.173322; null
39; Pedestrian; Noise; None; 20.12.2023 15:04:04;805145; 0.00180006; 241.0134; Sidewalk; 7.194658; null
39; Pedestrian; Noise; None; 20.12.2023 15:04:04; 805.1454; 0.00180006; 241.0134; Sidewalk; 7.205334; null
39; Pedestrian; Noise; None; 20.12.2023 15:04:04; 805.1467; 0.00180006; 241.0134; Sidewalk; 7.227771; null
39; Pedestrian; Noise; None; 20.12.2023 15:04:04; 805.1476; 0.00180006; 241.0136; Sidewalk; 7.250029; null
39; Pedestrian; Noise; None; 20.12.2023 15:04:04;805149; 0.00180006; 241.0141; Sidewalk; 7.272276; null
39; Pedestrian; Noise; None; 20.12.2023 15:04:04; 805.1497; 0.00180006; 241.0142; Sidewalk; 7.284549; null
39; Pedestrian; Noise; None; 20.12.2023 15:04:04; 805.1503; 0.00180006; 241.0143; Sidewalk; 7.299415; null
39; Pedestrian; Noise; None; 20.12.2023 15:04:04; 805.1518; 0.00180006; 241.0148; Sidewalk; 7.331212; null
39; Pedestrian; Noise; None; 20.12.2023 15:04:04; 805.1529; 0.00180006; 241.0153; Sidewalk; 7.349777; null
39; Pedestrian; Noise; None; 20.12.2023 15:04:04; 805.1536; 0.00180006; 241.0157; Sidewalk; 7.372337; null
39; Pedestrian; Noise; None; 20.12.2023 15:04:04; 805.1548; 0.00180006;241016; Sidewalk; 7.394574; null
39; Pedestrian; Noise; None; 20.12.2023 15:04:04; 805.1556; 0.00180006; 241.0162; Sidewalk; 7.405285; null
39; Pedestrian; Noise; None; 20.12.2023 15:04:04; 805.1572; 0.00180006; 241.0166; Sidewalk; 7.427282; null
39; Pedestrian; Noise; None; 20.12.2023 15:04:04;805159; 0.00180006; 241.0169; Sidewalk; 7.450625; null
39; Pedestrian; Noise; None; 20.12.2023 15:04:04; 805.1608; 0.00180006; 241.0173; Sidewalk; 7.473068; null
39; Pedestrian; Noise; None; 20.12.2023 15:04:04; 805.1624; 0.00180006; 241.0176; Sidewalk; 7.49506; null
39; Pedestrian; Noise; None; 20.12.2023 15:04:04;805163; 0.00180006; 241.0178; Sidewalk; 7.505267; null
39; Pedestrian; Noise; None; 20.12.2023 15:04:04; 805.1646; 0.00180006; 241.0182; Sidewalk; 7.527291; null
39; Pedestrian; Noise; None; 20.12.2023 15:04:04; 805.1658; 0.00180006; 241.0185; Sidewalk; 7.551142; null
39; Pedestrian; Noise; None; 20.12.2023 15:04:04; 805.1673; 0.00180006; 241.0188; Sidewalk; 7.571595; null
39; Pedestrian; Noise; None; 20.12.2023 15:04:04; 805.1689; 0.00180006; 241.0191; Sidewalk; 7.594747; null
39; Pedestrian; Noise; None; 20.12.2023 15:04:04; 805.1695; 0.00180006; 241.0192; Sidewalk; 7.60513; null
39; Pedestrian; Noise; None; 20.12.2023 15:04:04; 805.1706; 0.00180006; 241.0193; Sidewalk; 7.628109; null
39; Pedestrian; Noise; None; 20.12.2023 15:04:04; 805.1718; 0.00180006; 241.0196; Sidewalk; 7.649772; null
39; Pedestrian; Noise; None; 20.12.2023 15:04:04; 805.1724; 0.00180006; 241.0199; Sidewalk; 7.673715; null
39; Pedestrian; Noise; None; 20.12.2023 15:04:04;805173; 0.00180006; 241.02; Sidewalk; 7.693957; null
39; Pedestrian; Noise; None; 20.12.2023 15:04:04; 805.1733; 0.00180006; 241.0201; Sidewalk; 7.705687; null
39; Pedestrian; Noise; None; 20.12.2023 15:04:04; 805.1741; 0.00180006; 241.0202; Sidewalk; 7.727335; null
39; Pedestrian; Noise; None; 20.12.2023 15:04:04; 805.1746; 0.00180006; 241.0203; Sidewalk; 7.750505; null
39; Pedestrian; Noise; None; 20.12.2023 15:04:04;805175; 0.00180006; 241.0202; Sidewalk; 7.772792; null
39; Pedestrian; Noise; None; 20.12.2023 15:04:04;805176; 0.00180006; 241.0202; Sidewalk; 7.795425; null
39; Pedestrian; Noise; None; 20.12.2023 15:04:04; 805.1765; 0.00180006; 241.0201; Sidewalk; 7.805857; null
39; Pedestrian; Noise; None; 20.12.2023 15:04:05; 805.1772; 0.00180006; 241.0199; Sidewalk; 7.828743; null
39; Pedestrian; Noise; None; 20.12.2023 15:04:05; 805.1781; 0.00180006; 241.0196; Sidewalk; 7.851393; null
39; Pedestrian; Noise; None; 20.12.2023 15:04:05; 805.1791; 0.00180006; 241.0193; Sidewalk; 7.874034; null
39; Pedestrian; Noise; None; 20.12.2023 15:04:05; 805.1803; 0.00180006; 241.0192; Sidewalk; 7.896235; null
39; Pedestrian; Noise; None; 20.12.2023 15:04:05; 805.1808; 0.00180006;241019; Sidewalk; 7.906446; null
39; Pedestrian; Noise; None; 20.12.2023 15:04:05; 805.1821; 0.00180006; 241.0188; Sidewalk; 7.928797; null
39; Pedestrian; Noise; None; 20.12.2023 15:04:05; 805.1833; 0.00180006; 241.0187; Sidewalk; 7.951141; null
39; Pedestrian; Noise; None; 20.12.2023 15:04:05; 805.1838; 0.00180006; 241.0186; Sidewalk; 7.973289; null
39; Pedestrian; Noise; None; 20.12.2023 15:04:05; 805.1842; 0.00180006; 241.0185; Sidewalk; 7.995625; null
39; Pedestrian; Noise; None; 20.12.2023 15:04:05; 805.1845; 0.00180006; 241.0183; Sidewalk; 8.00646; null
39; Pedestrian; Noise; None; 20.12.2023 15:04:05; 805.1846; 0.00180006; 241.0182; Sidewalk; 8.028701; null
39; Pedestrian; Noise; None; 20.12.2023 15:04:05; 805.1848; 0.00180006; 241.0181; Sidewalk; 8.050958; null
39; Pedestrian; Noise; None; 20.12.2023 15:04:05; 805.1842; 0.00180006;241018; Sidewalk; 8.074401; null
39; Pedestrian; Noise; None; 20.12.2023 15:04:05; 805.1841; 0.00180006;241018; Sidewalk; 8.096517; null
39; Pedestrian; Noise; None; 20.12.2023 15:04:05; 805.1841; 0.00180006;241018; Sidewalk; 8.108464; null
39; Pedestrian; Noise; None; 20.12.2023 15:04:05; 805.1845; 0.00180006; 241.0179; Sidewalk; 8.129979; null
39; Pedestrian; Noise; None; 20.12.2023 15:04:05; 805.1846; 0.00180006; 241.0179; Sidewalk; 8.152066; null
39; Pedestrian; Noise; None; 20.12.2023 15:04:05; 805.1846; 0.00180006; 241.0179; Sidewalk; 8.173627; null
39; Pedestrian; Noise; None; 20.12.2023 15:04:05; 805.1846; 0.00180006; 241.0179; Sidewalk; 8.195721; Checking Box AICar
39; Pedestrian; Noise; None; 20.12.2023 15:04:05; 805.1845; 0.00180006; 241.0179; Sidewalk; 8.207205; Checking Box AICar
39; Pedestrian; Noise; None; 20.12.2023 15:04:05; 805.1841; 0.00180006; 241.0181; Sidewalk; 8.22926; Checking Box AICar
39; Pedestrian; Noise; None; 20.12.2023 15:04:05; 805.1835; 0.00180006; 241.0182; Sidewalk; 8.251486; Checking Box AICar
39; Pedestrian; Noise; None; 20.12.2023 15:04:05; 805.1834; 0.00180006; 241.0184; Sidewalk; 8.274333; Checking Box AICar
39; Pedestrian; Noise; None; 20.12.2023 15:04:05;805183; 0.00180006; 241.0185; Sidewalk; 8.295917; Checking Box AICar
39; Pedestrian; Noise; None; 20.12.2023 15:04:05; 805.1824; 0.00180006; 241.0186; Sidewalk; 8.306344; Checking Box AICar
39; Pedestrian; Noise; None; 20.12.2023 15:04:05; 805.1818; 0.00180006; 241.0188; Sidewalk; 8.328808; Checking Box AICar
39; Pedestrian; Noise; None; 20.12.2023 15:04:05; 805.1811; 0.00180006;241019; Sidewalk; 8.351851; Checking Box AICar
39; Pedestrian; Noise; None; 20.12.2023 15:04:05; 805.1805; 0.00180006; 241.0191; Sidewalk; 8.37338; Checking Box AICar
39; Pedestrian; Noise; None; 20.12.2023 15:04:05; 805.1805; 0.00180006; 241.0192; Sidewalk; 8.395012; Checking Box AICar
39; Pedestrian; Noise; None; 20.12.2023 15:04:05; 805.1802; 0.00180006; 241.0193; Sidewalk; 8.40688; Checking Box AICar
39; Pedestrian; Noise; None; 20.12.2023 15:04:05; 805.1794; 0.00180006; 241.0195; Sidewalk; 8.429321; Checking Box AICar
39; Pedestrian; Noise; None; 20.12.2023 15:04:05; 805.1788; 0.00180006; 241.0198; Sidewalk; 8.451392; Checking Box AICar
39; Pedestrian; Noise; None; 20.12.2023 15:04:05; 805.1779; 0.00180006; 241.02; Sidewalk; 8.473367; Checking Box AICar
39; Pedestrian; Noise; None; 20.12.2023 15:04:05; 805.1768; 0.00180006; 241.0202; Sidewalk; 8.495796; Checking Box AICar
39; Pedestrian; Noise; None; 20.12.2023 15:04:05; 805.1764; 0.00180006; 241.0203; Sidewalk; 8.506725; Checking Box AICar
39; Pedestrian; Noise; None; 20.12.2023 15:04:05; 805.1758; 0.00180006; 241.0204; Sidewalk; 8.518291; Checking Box AICar
39; Pedestrian; Noise; None; 20.12.2023 15:04:05; 805.1749; 0.00180006; 241.0207; Sidewalk; 8.543639; Checking Box AICar
39; Pedestrian; Noise; None; 20.12.2023 15:04:05; 805.1744; 0.00180006; 241.0211; Sidewalk; 8.576365; Checking Box AICar
39; Pedestrian; Noise; None; 20.12.2023 15:04:05; 805.1739; 0.00180006; 241.0214; Sidewalk; 8.593564; Checking Box AICar
39; Pedestrian; Noise; None; 20.12.2023 15:04:05; 805.1736; 0.00180006; 241.0216; Sidewalk; 8.605876; Checking Box AICar
39; Pedestrian; Noise; None; 20.12.2023 15:04:05; 805.1727; 0.00180006; 241.0219; Sidewalk; 8.627256; Checking Box AICar
39; Pedestrian; Noise; None; 20.12.2023 15:04:05; 805.1718; 0.00180006; 241.0222; Sidewalk; 8.649224; Checking Box AICar
39; Pedestrian; Noise; None; 20.12.2023 15:04:05; 805.1708; 0.00180006; 241.0227; Sidewalk; 8.671328; Checking Box AICar
39; Pedestrian; Noise; None; 20.12.2023 15:04:05; 805.1694; 0.00180006; 241.0231; Sidewalk; 8.693402; Checking Box AICar
39; Pedestrian; Noise; None; 20.12.2023 15:04:05; 805.1688; 0.00180006; 241.0233; Sidewalk; 8.705409; Checking Box AICar
39; Pedestrian; Noise; None; 20.12.2023 15:04:05; 805.1674; 0.00180006; 241.0238; Sidewalk; 8.727489; Checking Box AICar
39; Pedestrian; Noise; None; 20.12.2023 15:04:05; 805.1657; 0.00180006; 241.0244; Sidewalk; 8.749015; Checking Box AICar
39; Pedestrian; Noise; None; 20.12.2023 15:04:05; 805.1646; 0.00180006;241025; Sidewalk; 8.771691; Checking Box AICar
39; Pedestrian; Noise; None; 20.12.2023 15:04:05; 805.1635; 0.00180006; 241.0255; Sidewalk; 8.793507; Checking Box AICar
39; Pedestrian; Noise; None; 20.12.2023 15:04:05; 805.1631; 0.00180006; 241.0257; Sidewalk; 8.804748; Checking Box AICar
39; Pedestrian; Noise; None; 20.12.2023 15:04:06;805162; 0.00180006; 241.0263; Sidewalk; 8.826921; Checking Box AICar
39; Pedestrian; Noise; None; 20.12.2023 15:04:06; 805.1608; 0.00180006; 241.0269; Sidewalk; 8.849321; Checking Box AICar
39; Pedestrian; Noise; None; 20.12.2023 15:04:06; 805.1595; 0.00180006; 241.0275; Sidewalk; 8.87111; Checking Box AICar
39; Pedestrian; Noise; None; 20.12.2023 15:04:06; 805.1577; 0.00180006;241028; Sidewalk; 8.893448; Checking Box AICar
39; Pedestrian; Noise; None; 20.12.2023 15:04:06; 805.1569; 0.00180006; 241.0282; Sidewalk; 8.904698; Checking Box AICar
39; Pedestrian; Noise; None; 20.12.2023 15:04:06;805155; 0.00180006; 241.0288; Sidewalk; 8.926905; Checking Box AICar
39; Pedestrian; Noise; None; 20.12.2023 15:04:06; 805.1535; 0.00180006; 241.0296; Sidewalk; 8.950461; Checking Box AICar
39; Pedestrian; Noise; None; 20.12.2023 15:04:06; 805.1518; 0.00180006; 241.0304; Sidewalk; 8.971352; Checking Box AICar
39; Pedestrian; Noise; None; 20.12.2023 15:04:06; 805.15; 0.00180006; 241.0312; Sidewalk; 8.993422; Checking Box AICar
39; Pedestrian; Noise; None; 20.12.2023 15:04:06;805149; 0.00180006; 241.0314; Sidewalk; 9.004666; Checking Box AICar
39; Pedestrian; Noise; None; 20.12.2023 15:04:06;805147; 0.00180006; 241.0321; Sidewalk; 9.027736; Checking Box AICar
39; Pedestrian; Noise; None; 20.12.2023 15:04:06; 805.1454; 0.00180006; 241.0329; Sidewalk; 9.050938; Checking Box AICar
39; Pedestrian; Noise; None; 20.12.2023 15:04:06; 805.1437; 0.00180006; 241.0337; Sidewalk; 9.07292; Checking Box AICar
39; Pedestrian; Noise; None; 20.12.2023 15:04:06; 805.1418; 0.00180006; 241.0346; Sidewalk; 9.095625; Checking Box AICar
39; Pedestrian; Noise; None; 20.12.2023 15:04:06;805141; 0.00180006; 241.0351; Sidewalk; 9.107225; Checking Box AICar
39; Pedestrian; Noise; None; 20.12.2023 15:04:06; 805.1392; 0.00180006; 241.0359; Sidewalk; 9.128691; Checking Box AICar
39; Pedestrian; Noise; None; 20.12.2023 15:04:06; 805.1377; 0.00180006; 241.0366; Sidewalk; 9.15134; Checking Box AICar
39; Pedestrian; Noise; None; 20.12.2023 15:04:06; 805.1365; 0.00180006; 241.0373; Sidewalk; 9.173655; Checking Box AICar
39; Pedestrian; Noise; None; 20.12.2023 15:04:06; 805.1351; 0.00180006; 241.0381; Sidewalk; 9.196431; Checking Box AICar
39; Pedestrian; Noise; None; 20.12.2023 15:04:06; 805.1346; 0.00180006; 241.0384; Sidewalk; 9.20654; Checking Box AICar
39; Pedestrian; Noise; None; 20.12.2023 15:04:06; 805.1335; 0.00180006;241039; Sidewalk; 9.229966; Checking Box AICar
39; Pedestrian; Noise; None; 20.12.2023 15:04:06; 805.1328; 0.00180006; 241.0395; Sidewalk; 9.251665; Checking Box AICar
39; Pedestrian; Noise; None; 20.12.2023 15:04:06; 805.1319; 0.00180006; 241.04; Sidewalk; 9.273559; Checking Box AICar
39; Pedestrian; Noise; None; 20.12.2023 15:04:06;805131; 0.00180006; 241.0406; Sidewalk; 9.295415; Checking Box AICar
39; Pedestrian; Noise; None; 20.12.2023 15:04:06; 805.1306; 0.00180006; 241.0409; Sidewalk; 9.307258; Checking Box AICar
39; Pedestrian; Noise; None; 20.12.2023 15:04:06; 805.1294; 0.00180006; 241.0415; Sidewalk; 9.329044; Checking Box AICar
39; Pedestrian; Noise; None; 20.12.2023 15:04:06; 805.1273; 0.00180006; 241.0423; Sidewalk; 9.352009; Checking Box AICar
39; Pedestrian; Noise; None; 20.12.2023 15:04:06; 805.1244; 0.00180006; 241.0432; Sidewalk; 9.373437; Checking Box AICar
39; Pedestrian; Noise; None; 20.12.2023 15:04:06; 805.1209; 0.00180006; 241.0445; Sidewalk; 9.395736; Checking Box AICar
39; Pedestrian; Noise; None; 20.12.2023 15:04:06;805119; 0.00180006; 241.0452; Sidewalk; 9.406242; Checking Box AICar
39; Pedestrian; Noise; None; 20.12.2023 15:04:06; 805.1146; 0.00180006; 241.0466; Sidewalk; 9.429105; Checking Box AICar
39; Pedestrian; Noise; None; 20.12.2023 15:04:06; 805.1097; 0.00180006; 241.0483; Sidewalk; 9.452241; Checking Box AICar
39; Pedestrian; Noise; None; 20.12.2023 15:04:06; 805.1042; 0.00180006; 241.0498; Sidewalk; 9.473547; Checking Box AICar
39; Pedestrian; Noise; None; 20.12.2023 15:04:06; 805.0978; 0.00180006; 241.0516; Sidewalk; 9.49548; Checking Box AICar
39; Pedestrian; Noise; None; 20.12.2023 15:04:06; 805.0946; 0.00180006; 241.0526; Sidewalk; 9.506422; Checking Box AICar
39; Pedestrian; Noise; None; 20.12.2023 15:04:06;805088; 0.00180006; 241.0548; Sidewalk; 9.528397; Checking Box AICar
39; Pedestrian; Noise; None; 20.12.2023 15:04:06; 805.0809; 0.00180006; 241.0573; Sidewalk; 9.551281; Checking Box AICar
39; Pedestrian; Noise; None; 20.12.2023 15:04:06; 805.0736; 0.00180006; 241.0602; Sidewalk; 9.573771; Checking Box AICar
39; Pedestrian; Noise; None; 20.12.2023 15:04:06; 805.0699; 0.00180006; 241.0618; Sidewalk; 9.584454; Checking Box AICar
39; Pedestrian; Noise; None; 20.12.2023 15:04:06; 805.0699; 0.00180006; 241.0618; Sidewalk; 9.584454; Checking Box AICar
39; Pedestrian; Noise; None; 20.12.2023 15:04:06; 805.0594; 0.00180006; 241.0666; Sidewalk; 9.595158; Checking Box AICar
39; Pedestrian; Noise; None; 20.12.2023 15:04:06; 805.0502; 0.00180006; 241.0712; Sidewalk; 9.648652; Checking Box AICar
39; Pedestrian; Noise; None; 20.12.2023 15:04:06; 805.0443; 0.00180006; 241.0744; Sidewalk; 9.671194; Checking Box AICar
39; Pedestrian; Noise; None; 20.12.2023 15:04:06; 805.0386; 0.00180006; 241.0775; Sidewalk; 9.694044; Checking Box AICar
39; Pedestrian; Noise; None; 20.12.2023 15:04:06; 805.0359; 0.00180006; 241.0789; Sidewalk; 9.70425; Checking Box AICar
39; Pedestrian; Noise; None; 20.12.2023 15:04:06; 805.0309; 0.00180006; 241.0815; Sidewalk; 9.726348; Checking Box AICar
39; Pedestrian; Noise; None; 20.12.2023 15:04:06; 805.0262; 0.00180006; 241.0836; Sidewalk; 9.749553; Checking Box AICar
39; Pedestrian; Noise; None; 20.12.2023 15:04:06; 805.0215; 0.00180006; 241.0855; Sidewalk; 9.772445; Checking Box AICar
39; Pedestrian; Noise; None; 20.12.2023 15:04:06; 805.0168; 0.00180006; 241.0869; Sidewalk; 9.792731; Checking Box AICar
39; Pedestrian; Noise; None; 20.12.2023 15:04:06; 805.0168; 0.00180006; 241.0869; Sidewalk; 9.792731; Checking Box AICar
39; Pedestrian; Noise; None; 20.12.2023 15:04:06; 805.0109; 0.00180006; 241.0879; Sidewalk; 9.830981; Checking Box AICar
39; Pedestrian; Noise; None; 20.12.2023 15:04:07;805007; 0.00180006; 241.0882; Sidewalk; 9.848297; Checking Box AICar
39; Pedestrian; Noise; None; 20.12.2023 15:04:07; 805.0028; 0.00180006; 241.0888; Sidewalk; 9.871402; Checking Box AICar
39; Pedestrian; Noise; None; 20.12.2023 15:04:07; 804.9971; 0.00180006; 241.0895; Sidewalk; 9.89346; Checking Box AICar
39; Pedestrian; Noise; None; 20.12.2023 15:04:07; 804.9946; 0.00180006; 241.0898; Sidewalk; 9.903774; Checking Box AICar
39; Pedestrian; Noise; None; 20.12.2023 15:04:07; 804.9899; 0.00180006; 241.0905; Sidewalk; 9.92634; Checking Box AICar
39; Pedestrian; Noise; None; 20.12.2023 15:04:07; 804.9853; 0.00180006; 241.0911; Sidewalk; 9.948709; Checking Box AICar
39; Pedestrian; Noise; None; 20.12.2023 15:04:07; 804.9808; 0.00180006;241092; Sidewalk; 9.975481; Checking Box AICar
39; Pedestrian; Noise; None; 20.12.2023 15:04:07; 804.9761; 0.00180006; 241.0928; Sidewalk; 9.993443; Checking Box AICar
39; Pedestrian; Noise; None; 20.12.2023 15:04:07; 804.9739; 0.00180006; 241.0932; Sidewalk; 10.00399; Checking Box AICar
39; Pedestrian; Noise; None; 20.12.2023 15:04:07; 804.9698; 0.00180006; 241.0943; Sidewalk; 10.02571; Checking Box AICar
39; Pedestrian; Noise; None; 20.12.2023 15:04:07; 804.9659; 0.00180006; 241.0956; Sidewalk; 10.04875; Checking Box AICar
39; Pedestrian; Noise; None; 20.12.2023 15:04:07; 804.9623; 0.00180006;241097; Sidewalk; 10.07213; Checking Box AICar
39; Pedestrian; Noise; None; 20.12.2023 15:04:07; 804.9586; 0.00180006; 241.0985; Sidewalk; 10.0932; Checking Box AICar
39; Pedestrian; Noise; None; 20.12.2023 15:04:07; 804.9568; 0.00180006; 241.0991; Sidewalk; 10.10391; Checking Box AICar
39; Pedestrian; Noise; None; 20.12.2023 15:04:07;804953; 0.00180006; 241.1006; Sidewalk; 10.12602; Checking Box AICar
39; Pedestrian; Noise; None; 20.12.2023 15:04:07; 804.9493; 0.00180006;241102; Sidewalk; 10.14821; Checking Box AICar
39; Pedestrian; Noise; None; 20.12.2023 15:04:07; 804.9459; 0.00180006; 241.1036; Sidewalk; 10.17098; Checking Box AICar
39; Pedestrian; Noise; None; 20.12.2023 15:04:07; 804.9425; 0.00180006; 241.1052; Sidewalk; 10.19302; Checking Box AICar
39; Pedestrian; Noise; None; 20.12.2023 15:04:07; 804.9407; 0.00180006;241106; Sidewalk; 10.20426; Checking Box AICar
39; Pedestrian; Noise; None; 20.12.2023 15:04:07; 804.9373; 0.00180006; 241.1077; Sidewalk; 10.22585; Checking Box AICar
39; Pedestrian; Noise; None; 20.12.2023 15:04:07; 804.9337; 0.00180006; 241.1094; Sidewalk; 10.24946; Checking Box AICar
39; Pedestrian; Noise; None; 20.12.2023 15:04:07; 804.9301; 0.00180006;241111; Sidewalk; 10.27047; Checking Box AICar
39; Pedestrian; Noise; None; 20.12.2023 15:04:07; 804.9264; 0.00180006; 241.1128; Sidewalk; 10.29257; null
39; Pedestrian; Noise; None; 20.12.2023 15:04:07; 804.9247; 0.00180006; 241.1134; Sidewalk; 10.30348; null
39; Pedestrian; Noise; None; 20.12.2023 15:04:07;804921; 0.00180006; 241.1149; Sidewalk; 10.32629; null
39; Pedestrian; Noise; None; 20.12.2023 15:04:07; 804.9175; 0.00180006; 241.1163; Sidewalk; 10.34844; null
39; Pedestrian; Noise; None; 20.12.2023 15:04:07; 804.9141; 0.00180006; 241.1177; Sidewalk; 10.37122; null
39; Pedestrian; Noise; None; 20.12.2023 15:04:07; 804.9111; 0.00180006;241119; Sidewalk; 10.39273; null
39; Pedestrian; Noise; None; 20.12.2023 15:04:07; 804.9097; 0.00180006; 241.1196; Sidewalk; 10.40406; null
39; Pedestrian; Noise; None; 20.12.2023 15:04:07; 804.9072; 0.00180006; 241.1208; Sidewalk; 10.42671; null
39; Pedestrian; Noise; None; 20.12.2023 15:04:07; 804.9048; 0.00180006; 241.1219; Sidewalk; 10.45055; null
39; Pedestrian; Noise; None; 20.12.2023 15:04:07; 804.9026; 0.00180006; 241.1228; Sidewalk; 10.47322; null
39; Pedestrian; Noise; None; 20.12.2023 15:04:07; 804.9002; 0.00180006; 241.1235; Sidewalk; 10.49456; null
39; Pedestrian; Noise; None; 20.12.2023 15:04:07; 804.8994; 0.00180006; 241.1239; Sidewalk; 10.50594; null
39; Pedestrian; Noise; None; 20.12.2023 15:04:07; 804.8975; 0.00180006; 241.1247; Sidewalk; 10.52827; null
39; Pedestrian; Noise; None; 20.12.2023 15:04:07; 804.8957; 0.00180006; 241.1254; Sidewalk; 10.55146; null
39; Pedestrian; Noise; None; 20.12.2023 15:04:07; 804.8942; 0.00180006; 241.1259; Sidewalk; 10.5734; null
39; Pedestrian; Noise; None; 20.12.2023 15:04:07; 804.8926; 0.00180006; 241.1263; Sidewalk; 10.59519; null
39; Pedestrian; Noise; None; 20.12.2023 15:04:07; 804.8918; 0.00180006; 241.1265; Sidewalk; 10.60644; null
39; Pedestrian; Noise; None; 20.12.2023 15:04:07; 804.8906; 0.00180006; 241.1271; Sidewalk; 10.6285; null
39; Pedestrian; Noise; None; 20.12.2023 15:04:07; 804.8895; 0.00180006; 241.1275; Sidewalk; 10.65167; null
39; Pedestrian; Noise; None; 20.12.2023 15:04:07; 804.8887; 0.00180006; 241.1277; Sidewalk; 10.67392; null
39; Pedestrian; Noise; None; 20.12.2023 15:04:07;804888; 0.00180006; 241.1278; Sidewalk; 10.69547; null
39; Pedestrian; Noise; None; 20.12.2023 15:04:07; 804.8879; 0.00180006; 241.1278; Sidewalk; 10.70665; null
39; Pedestrian; Noise; None; 20.12.2023 15:04:07; 804.8884; 0.00180006; 241.1275; Sidewalk; 10.72914; null
39; Pedestrian; Noise; None; 20.12.2023 15:04:07; 804.8896; 0.00180006; 241.1267; Sidewalk; 10.75137; null
39; Pedestrian; Noise; None; 20.12.2023 15:04:07; 804.8915; 0.00180006;241126; Sidewalk; 10.77349; null
39; Pedestrian; Noise; None; 20.12.2023 15:04:07; 804.8933; 0.00180006; 241.1253; Sidewalk; 10.79612; null
39; Pedestrian; Noise; None; 20.12.2023 15:04:07; 804.8946; 0.00180006; 241.1248; Sidewalk; 10.80596; null
39; Pedestrian; Noise; None; 20.12.2023 15:04:08; 804.8984; 0.00180006; 241.1235; Sidewalk; 10.82838; null
39; Pedestrian; Noise; None; 20.12.2023 15:04:08; 804.9031; 0.00180006; 241.1218; Sidewalk; 10.85097; null
39; Pedestrian; Noise; None; 20.12.2023 15:04:08; 804.9086; 0.00180006; 241.1205; Sidewalk; 10.87343; null
39; Pedestrian; Noise; None; 20.12.2023 15:04:08; 804.9141; 0.00180006; 241.1194; Sidewalk; 10.89439; null
39; Pedestrian; Noise; None; 20.12.2023 15:04:08; 804.9167; 0.00180006; 241.1189; Sidewalk; 10.90646; null
39; Pedestrian; Noise; None; 20.12.2023 15:04:08; 804.9232; 0.00180006; 241.1182; Sidewalk; 10.92904; null
39; Pedestrian; Noise; None; 20.12.2023 15:04:08; 804.9291; 0.00180006; 241.1174; Sidewalk; 10.95056; null
39; Pedestrian; Noise; None; 20.12.2023 15:04:08; 804.9352; 0.00180006; 241.1169; Sidewalk; 10.97248; Checking Box Human Car
39; Pedestrian; Noise; None; 20.12.2023 15:04:08; 804.9401; 0.00180006; 241.1166; Sidewalk; 10.99481; Checking Box Human Car
39; Pedestrian; Noise; None; 20.12.2023 15:04:08; 804.9424; 0.00180006; 241.1166; Sidewalk; 11.00602; null
39; Pedestrian; Noise; None; 20.12.2023 15:04:08;804946; 0.00180006; 241.1169; Sidewalk; 11.02849; null
39; Pedestrian; Noise; None; 20.12.2023 15:04:08;804949; 0.00180006; 241.1174; Sidewalk; 11.05167; null
39; Pedestrian; Noise; None; 20.12.2023 15:04:08; 804.9515; 0.00180006;241118; Sidewalk; 11.07226; null
39; Pedestrian; Noise; None; 20.12.2023 15:04:08; 804.9535; 0.00180006; 241.1188; Sidewalk; 11.09435; null
39; Pedestrian; Noise; None; 20.12.2023 15:04:08;804954; 0.00180006; 241.1192; Sidewalk; 11.10516; Checking Box Human Car
39; Pedestrian; Noise; None; 20.12.2023 15:04:08; 804.9548; 0.00180006; 241.1199; Sidewalk; 11.12728; Checking Box Human Car
39; Pedestrian; Noise; None; 20.12.2023 15:04:08; 804.9553; 0.00180006;241121; Sidewalk; 11.15089; Checking Box Human Car
39; Pedestrian; Noise; None; 20.12.2023 15:04:08;804955; 0.00180006; 241.1218; Sidewalk; 11.17229; Checking Box Human Car
39; Pedestrian; Noise; None; 20.12.2023 15:04:08;804954; 0.00180006; 241.1227; Sidewalk; 11.1942; Checking Box Human Car
39; Pedestrian; Noise; None; 20.12.2023 15:04:08; 804.9534; 0.00180006;241123; Sidewalk; 11.2061; Checking Box Human Car
39; Pedestrian; Noise; None; 20.12.2023 15:04:08; 804.9517; 0.00180006; 241.1237; Sidewalk; 11.22758; Checking Box Human Car
39; Pedestrian; Noise; None; 20.12.2023 15:04:08; 804.9492; 0.00180006; 241.1243; Sidewalk; 11.25052; Checking Box Human Car
39; Pedestrian; Noise; None; 20.12.2023 15:04:08; 804.9465; 0.00180006; 241.1248; Sidewalk; 11.27236; Checking Box Human Car
39; Pedestrian; Noise; None; 20.12.2023 15:04:08; 804.9443; 0.00180006; 241.1249; Sidewalk; 11.29475; Checking Box Human Car
39; Pedestrian; Noise; None; 20.12.2023 15:04:08; 804.9431; 0.00180006; 241.1249; Sidewalk; 11.30568; Checking Box Human Car
39; Pedestrian; Noise; None; 20.12.2023 15:04:08; 804.9402; 0.00180006; 241.1248; Sidewalk; 11.32737; Checking Box Human Car
39; Pedestrian; Noise; None; 20.12.2023 15:04:08; 804.9374; 0.00180006; 241.1245; Sidewalk; 11.35027; Checking Box Human Car
39; Pedestrian; Noise; None; 20.12.2023 15:04:08; 804.9349; 0.00180006; 241.1242; Sidewalk; 11.37366; Checking Box Human Car
39; Pedestrian; Noise; None; 20.12.2023 15:04:08; 804.9325; 0.00180006; 241.1238; Sidewalk; 11.39393; Checking Box Human Car
39; Pedestrian; Noise; None; 20.12.2023 15:04:08; 804.9312; 0.00180006; 241.1235; Sidewalk; 11.40528; Checking Box Human Car
39; Pedestrian; Noise; None; 20.12.2023 15:04:08; 804.9299; 0.00180006; 241.1231; Sidewalk; 11.42751; Checking Box Human Car
39; Pedestrian; Noise; None; 20.12.2023 15:04:08; 804.9272; 0.00180006; 241.1225; Sidewalk; 11.45072; Checking Box Human Car
39; Pedestrian; Noise; None; 20.12.2023 15:04:08; 804.9243; 0.00180006; 241.1218; Sidewalk; 11.47258; Checking Box Human Car
39; Pedestrian; Noise; None; 20.12.2023 15:04:08; 804.9215; 0.00180006; 241.1211; Sidewalk; 11.49533; Checking Box Human Car
39; Pedestrian; Noise; None; 20.12.2023 15:04:08; 804.92; 0.00180006; 241.1207; Sidewalk; 11.50499; Checking Box Human Car
39; Pedestrian; Noise; None; 20.12.2023 15:04:08; 804.9164; 0.00180006; 241.1197; Sidewalk; 11.52822; Checking Box Human Car
39; Pedestrian; Noise; None; 20.12.2023 15:04:08; 804.9124; 0.00180006; 241.1185; Sidewalk; 11.55002; Checking Box Human Car
39; Pedestrian; Noise; None; 20.12.2023 15:04:08; 804.9086; 0.00180006; 241.1172; Sidewalk; 11.57287; Checking Box Human Car
39; Pedestrian; Noise; None; 20.12.2023 15:04:08; 804.9055; 0.00180006; 241.1159; Sidewalk; 11.59555; Checking Box Human Car
39; Pedestrian; Noise; None; 20.12.2023 15:04:08; 804.9039; 0.00180006; 241.1152; Sidewalk; 11.60626; Checking Box Human Car
39; Pedestrian; Noise; None; 20.12.2023 15:04:08;804901; 0.00180006; 241.1137; Sidewalk; 11.62734; Checking Box Human Car
39; Pedestrian; Noise; None; 20.12.2023 15:04:08; 804.8975; 0.00180006; 241.1116; Sidewalk; 11.65044; Checking Box Human Car
39; Pedestrian; Noise; None; 20.12.2023 15:04:08; 804.8948; 0.00180006; 241.1095; Sidewalk; 11.67194; Checking Box Human Car
39; Pedestrian; Noise; None; 20.12.2023 15:04:08; 804.8915; 0.00180006; 241.1073; Sidewalk; 11.69454; Checking Box Human Car
39; Pedestrian; Noise; None; 20.12.2023 15:04:08; 804.89; 0.00180006;241106; Sidewalk; 11.70484; Checking Box Human Car
39; Pedestrian; Noise; None; 20.12.2023 15:04:08; 804.8862; 0.00180006; 241.1036; Sidewalk; 11.7275; Checking Box Human Car
39; Pedestrian; Noise; None; 20.12.2023 15:04:08; 804.8829; 0.00180006; 241.1011; Sidewalk; 11.7494; Checking Box Human Car
39; Pedestrian; Noise; None; 20.12.2023 15:04:08; 804.8799; 0.00180006; 241.0985; Sidewalk; 11.77179; Checking Box Human Car
39; Pedestrian; Noise; None; 20.12.2023 15:04:08; 804.8768; 0.00180006;241096; Sidewalk; 11.79447; Checking Box Human Car
39; Pedestrian; Noise; None; 20.12.2023 15:04:08; 804.8753; 0.00180006; 241.0946; Sidewalk; 11.80472; Checking Box Human Car
39; Pedestrian; Noise; None; 20.12.2023 15:04:08; 804.8739; 0.00180006; 241.0933; Sidewalk; 11.8174; Checking Box Human Car
39; Pedestrian; Noise; None; 20.12.2023 15:04:09; 804.8695; 0.00180006; 241.0892; Sidewalk; 11.85363; Checking Box Human Car
39; Pedestrian; Noise; None; 20.12.2023 15:04:09; 804.8667; 0.00180006; 241.0863; Sidewalk; 11.87306; Checking Box Human Car
39; Pedestrian; Noise; None; 20.12.2023 15:04:09; 804.8638; 0.00180006; 241.0834; Sidewalk; 11.89256; Checking Box Human Car
39; Pedestrian; Noise; None; 20.12.2023 15:04:09; 804.8624; 0.00180006; 241.0819; Sidewalk; 11.90363; Checking Box Human Car
39; Pedestrian; Noise; None; 20.12.2023 15:04:09; 804.8599; 0.00180006;241079; Sidewalk; 11.92564; Checking Box Human Car
39; Pedestrian; Noise; None; 20.12.2023 15:04:09; 804.8578; 0.00180006;241076; Sidewalk; 11.9478; Checking Box Human Car
39; Pedestrian; Noise; None; 20.12.2023 15:04:09; 804.8563; 0.00180006;241073; Sidewalk; 11.9712; Checking Box Human Car
39; Pedestrian; Noise; None; 20.12.2023 15:04:09; 804.8558; 0.00180006; 241.0701; Sidewalk; 11.99208; Checking Box Human Car
39; Pedestrian; Noise; None; 20.12.2023 15:04:09; 804.8555; 0.00180006; 241.0686; Sidewalk; 12.00368; Checking Box Human Car
39; Pedestrian; Noise; None; 20.12.2023 15:04:09; 804.8549; 0.00180006; 241.0655; Sidewalk; 12.02613; Checking Box Human Car
39; Pedestrian; Noise; None; 20.12.2023 15:04:09; 804.8549; 0.00180006; 241.0623; Sidewalk; 12.04833; Checking Box Human Car
39; Pedestrian; Noise; None; 20.12.2023 15:04:09; 804.8552; 0.00180006; 241.0592; Sidewalk; 12.0703; Checking Box Human Car
39; Pedestrian; Noise; None; 20.12.2023 15:04:09; 804.8553; 0.00180006; 241.0563; Sidewalk; 12.09205; Checking Box Human Car
39; Pedestrian; Noise; None; 20.12.2023 15:04:09; 804.8555; 0.00180006;241055; Sidewalk; 12.10329; Checking Box Human Car
39; Pedestrian; Noise; None; 20.12.2023 15:04:09;804856; 0.00180006; 241.0524; Sidewalk; 12.1254; Checking Box Human Car
39; Pedestrian; Noise; None; 20.12.2023 15:04:09; 804.8563; 0.00180006; 241.0501; Sidewalk; 12.14789; Checking Box Human Car
39; Pedestrian; Noise; None; 20.12.2023 15:04:09; 804.8568; 0.00180006; 241.0478; Sidewalk; 12.17115; Checking Box Human Car
39; Pedestrian; Noise; None; 20.12.2023 15:04:09; 804.8578; 0.00180006; 241.0456; Sidewalk; 12.19276; Checking Box Human Car
39; Pedestrian; Noise; None; 20.12.2023 15:04:09; 804.8585; 0.00180006; 241.0445; Sidewalk; 12.20321; Checking Box Human Car
39; Pedestrian; Noise; None; 20.12.2023 15:04:09; 804.8596; 0.00180006; 241.0423; Sidewalk; 12.22531; Checking Box Human Car
39; Pedestrian; Noise; None; 20.12.2023 15:04:09;804861; 0.00180006; 241.04; Sidewalk; 12.24784; Checking Box Human Car
39; Pedestrian; Noise; None; 20.12.2023 15:04:09; 804.8629; 0.00180006; 241.0379; Sidewalk; 12.27019; Checking Box Human Car
39; Pedestrian; Noise; None; 20.12.2023 15:04:09; 804.8647; 0.00180006; 241.0359; Sidewalk; 12.29261; Checking Box Human Car
39; Pedestrian; Noise; None; 20.12.2023 15:04:09;804866; 0.00180006; 241.0347; Sidewalk; 12.30385; null
39; Pedestrian; Noise; None; 20.12.2023 15:04:09; 804.8692; 0.00180006; 241.0325; Sidewalk; 12.32569; null
39; Pedestrian; Noise; None; 20.12.2023 15:04:09; 804.8692; 0.00180006; 241.0325; Sidewalk; 12.32569; null
39; Pedestrian; Noise; None; 20.12.2023 15:04:09; 804.8761; 0.00180006; 241.0292; Sidewalk; 12.33821; null
39; Pedestrian; Noise; None; 20.12.2023 15:04:09; 804.8841; 0.00180006; 241.0261; Sidewalk; 12.39844; null
39; Pedestrian; Noise; None; 20.12.2023 15:04:09; 804.8868; 0.00180006; 241.0253; Sidewalk; 12.40863; null
39; Pedestrian; Noise; None; 20.12.2023 15:04:09; 804.8928; 0.00180006;241024; Sidewalk; 12.42735; null
39; Pedestrian; Noise; None; 20.12.2023 15:04:09; 804.8952; 0.00180006; 241.0234; Sidewalk; 12.43719; null
39; Pedestrian; Noise; None; 20.12.2023 15:04:09; 804.8997; 0.00180006; 241.0226; Sidewalk; 12.47544; null
39; Pedestrian; Noise; None; 20.12.2023 15:04:09; 804.9011; 0.00180006; 241.0227; Sidewalk; 12.4928; null
39; Pedestrian; Noise; None; 20.12.2023 15:04:09; 804.9015; 0.00180006; 241.0228; Sidewalk; 12.50277; null
39; Pedestrian; Noise; None; 20.12.2023 15:04:09; 804.9013; 0.00180006; 241.0236; Sidewalk; 12.52525; null
39; Pedestrian; Noise; None; 20.12.2023 15:04:09; 804.9008; 0.00180006; 241.0246; Sidewalk; 12.54753; null
39; Pedestrian; Noise; None; 20.12.2023 15:04:09;804899; 0.00180006;241026; Sidewalk; 12.5696; null
39; Pedestrian; Noise; None; 20.12.2023 15:04:09; 804.8975; 0.00180006; 241.0275; Sidewalk; 12.59162; null
39; Pedestrian; Noise; None; 20.12.2023 15:04:09; 804.8969; 0.00180006; 241.0283; Sidewalk; 12.60359; null
39; Pedestrian; Noise; None; 20.12.2023 15:04:09; 804.8951; 0.00180006; 241.0302; Sidewalk; 12.6246; null
39; Pedestrian; Noise; None; 20.12.2023 15:04:09; 804.8922; 0.00180006; 241.0323; Sidewalk; 12.64767; null
39; Pedestrian; Noise; None; 20.12.2023 15:04:09; 804.8891; 0.00180006; 241.0345; Sidewalk; 12.66952; null
39; Pedestrian; Noise; None; 20.12.2023 15:04:09; 804.8865; 0.00180006; 241.0369; Sidewalk; 12.69172; null
39; Pedestrian; Noise; None; 20.12.2023 15:04:09; 804.8859; 0.00180006; 241.0382; Sidewalk; 12.70304; null
39; Pedestrian; Noise; None; 20.12.2023 15:04:09; 804.8842; 0.00180006; 241.0407; Sidewalk; 12.72501; null
39; Pedestrian; Noise; None; 20.12.2023 15:04:09; 804.8831; 0.00180006; 241.0434; Sidewalk; 12.74738; null
39; Pedestrian; Noise; None; 20.12.2023 15:04:09; 804.8822; 0.00180006; 241.0461; Sidewalk; 12.76989; null
39; Pedestrian; Noise; None; 20.12.2023 15:04:09; 804.8805; 0.00180006; 241.0487; Sidewalk; 12.79194; null
39; Pedestrian; Noise; None; 20.12.2023 15:04:09; 804.8794; 0.00180006; 241.05; Sidewalk; 12.80316; null
39; Pedestrian; Noise; None; 20.12.2023 15:04:09; 804.8765; 0.00180006; 241.0524; Sidewalk; 12.82484; null
39; Pedestrian; Noise; None; 20.12.2023 15:04:10; 804.8734; 0.00180006; 241.0549; Sidewalk; 12.8477; null
39; Pedestrian; Noise; None; 20.12.2023 15:04:10; 804.8688; 0.00180006; 241.0573; Sidewalk; 12.86955; null
39; Pedestrian; Noise; None; 20.12.2023 15:04:10; 804.8643; 0.00180006; 241.0594; Sidewalk; 12.89155; null
39; Pedestrian; Noise; None; 20.12.2023 15:04:10;804862; 0.00180006; 241.0603; Sidewalk; 12.90417; null
39; Pedestrian; Noise; None; 20.12.2023 15:04:10; 804.8582; 0.00180006;241062; Sidewalk; 12.92477; null
39; Pedestrian; Noise; None; 20.12.2023 15:04:10; 804.8544; 0.00180006; 241.0634; Sidewalk; 12.94793; null
39; Pedestrian; Noise; None; 20.12.2023 15:04:10; 804.8518; 0.00180006; 241.0648; Sidewalk; 12.97097; null
39; Pedestrian; Noise; None; 20.12.2023 15:04:10; 804.8499; 0.00180006;241066; Sidewalk; 12.99297; null
39; Pedestrian; Noise; None; 20.12.2023 15:04:10; 804.8492; 0.00180006; 241.0666; Sidewalk; 13.00581; null
39; Pedestrian; Noise; None; 20.12.2023 15:04:10; 804.8482; 0.00180006; 241.0676; Sidewalk; 13.02751; null
39; Pedestrian; Noise; None; 20.12.2023 15:04:10; 804.8476; 0.00180006; 241.0684; Sidewalk; 13.0494; null
39; Pedestrian; Noise; None; 20.12.2023 15:04:10; 804.8475; 0.00180006; 241.0691; Sidewalk; 13.07237; null
39; Pedestrian; Noise; None; 20.12.2023 15:04:10; 804.8476; 0.00180006; 241.0698; Sidewalk; 13.09404; null
39; Pedestrian; Noise; None; 20.12.2023 15:04:10; 804.8476; 0.00180006; 241.0701; Sidewalk; 13.10512; null
39; Pedestrian; Noise; None; 20.12.2023 15:04:10; 804.8476; 0.00180006; 241.0707; Sidewalk; 13.12764; null
39; Pedestrian; Noise; None; 20.12.2023 15:04:10; 804.8475; 0.00180006; 241.0711; Sidewalk; 13.14909; null
39; Pedestrian; Noise; None; 20.12.2023 15:04:10; 804.8476; 0.00180006; 241.0715; Sidewalk; 13.17137; null
39; Pedestrian; Noise; None; 20.12.2023 15:04:10; 804.8477; 0.00180006; 241.0717; Sidewalk; 13.19456; null
39; Pedestrian; Noise; None; 20.12.2023 15:04:10; 804.8478; 0.00180006; 241.0718; Sidewalk; 13.20636; null
39; Pedestrian; Noise; None; 20.12.2023 15:04:10; 804.8481; 0.00180006;241072; Sidewalk; 13.22781; null
39; Pedestrian; Noise; None; 20.12.2023 15:04:10; 804.8484; 0.00180006; 241.0721; Sidewalk; 13.24913; null
39; Pedestrian; Noise; None; 20.12.2023 15:04:10; 804.8485; 0.00180006; 241.0721; Sidewalk; 13.26054; null
39; Pedestrian; Noise; None; 20.12.2023 15:04:10; 804.8491; 0.00180006; 241.0721; Sidewalk; 13.29108; null
39; Pedestrian; Noise; None; 20.12.2023 15:04:10; 804.8492; 0.00180006; 241.0721; Sidewalk; 13.30122; null
39; Pedestrian; Noise; None; 20.12.2023 15:04:10; 804.8505; 0.00180006;241072; Sidewalk; 13.33001; null
39; Pedestrian; Noise; None; 20.12.2023 15:04:10; 804.8513; 0.00180006; 241.0719; Sidewalk; 13.3472; null
39; Pedestrian; Noise; None; 20.12.2023 15:04:10; 804.8519; 0.00180006; 241.0716; Sidewalk; 13.36962; null
39; Pedestrian; Noise; None; 20.12.2023 15:04:10; 804.8525; 0.00180006; 241.0715; Sidewalk; 13.39251; null
39; Pedestrian; Noise; None; 20.12.2023 15:04:10;804853; 0.00180006; 241.0714; Sidewalk; 13.4025; null
39; Pedestrian; Noise; None; 20.12.2023 15:04:10; 804.8534; 0.00180006; 241.0711; Sidewalk; 13.42476; null
39; Pedestrian; Noise; None; 20.12.2023 15:04:10; 804.8534; 0.00180006; 241.0707; Sidewalk; 13.44782; null
39; Pedestrian; Noise; None; 20.12.2023 15:04:10; 804.8535; 0.00180006; 241.0704; Sidewalk; 13.46938; null
39; Pedestrian; Noise; None; 20.12.2023 15:04:10; 804.8539; 0.00180006; 241.07; Sidewalk; 13.49143; null
39; Pedestrian; Noise; None; 20.12.2023 15:04:10; 804.8536; 0.00180006; 241.0698; Sidewalk; 13.50308; null
39; Pedestrian; Noise; None; 20.12.2023 15:04:10; 804.8538; 0.00180006; 241.0692; Sidewalk; 13.52453; null
39; Pedestrian; Noise; None; 20.12.2023 15:04:10; 804.8539; 0.00180006; 241.0686; Sidewalk; 13.54733; null
39; Pedestrian; Noise; None; 20.12.2023 15:04:10; 804.8541; 0.00180006; 241.0679; Sidewalk; 13.56951; null
39; Pedestrian; Noise; None; 20.12.2023 15:04:10; 804.8547; 0.00180006;241067; Sidewalk; 13.59178; null
39; Pedestrian; Noise; None; 20.12.2023 15:04:10;804855; 0.00180006; 241.0666; Sidewalk; 13.6027; null
39; Pedestrian; Noise; None; 20.12.2023 15:04:10; 804.8555; 0.00180006; 241.0657; Sidewalk; 13.62453; null
39; Pedestrian; Noise; None; 20.12.2023 15:04:10; 804.8561; 0.00180006; 241.0647; Sidewalk; 13.6476; null
39; Pedestrian; Noise; None; 20.12.2023 15:04:10; 804.8567; 0.00180006; 241.0636; Sidewalk; 13.66926; null
39; Pedestrian; Noise; None; 20.12.2023 15:04:10; 804.8574; 0.00180006; 241.0626; Sidewalk; 13.69195; null
39; Pedestrian; Noise; None; 20.12.2023 15:04:10; 804.8577; 0.00180006; 241.0621; Sidewalk; 13.7032; null
39; Pedestrian; Noise; None; 20.12.2023 15:04:10; 804.8583; 0.00180006;241061; Sidewalk; 13.72478; null
39; Pedestrian; Noise; None; 20.12.2023 15:04:10; 804.8586; 0.00180006; 241.0599; Sidewalk; 13.74707; null
39; Pedestrian; Noise; None; 20.12.2023 15:04:10; 804.8585; 0.00180006; 241.0588; Sidewalk; 13.7694; null
39; Pedestrian; Noise; None; 20.12.2023 15:04:10; 804.8582; 0.00180006; 241.0577; Sidewalk; 13.7921; null
39; Pedestrian; Noise; None; 20.12.2023 15:04:10; 804.8577; 0.00180006; 241.0573; Sidewalk; 13.80358; null
39; Pedestrian; Noise; None; 20.12.2023 15:04:11; 804.8568; 0.00180006; 241.0564; Sidewalk; 13.82641; null
39; Pedestrian; Noise; None; 20.12.2023 15:04:11; 804.8557; 0.00180006; 241.0556; Sidewalk; 13.84949; null
39; Pedestrian; Noise; None; 20.12.2023 15:04:11; 804.8548; 0.00180006; 241.0547; Sidewalk; 13.87159; null
39; Pedestrian; Noise; None; 20.12.2023 15:04:11; 804.8541; 0.00180006; 241.0538; Sidewalk; 13.89504; null
39; Pedestrian; Noise; None; 20.12.2023 15:04:11; 804.8535; 0.00180006; 241.0533; Sidewalk; 13.90571; null
39; Pedestrian; Noise; None; 20.12.2023 15:04:11; 804.8524; 0.00180006; 241.0525; Sidewalk; 13.92638; null
39; Pedestrian; Noise; None; 20.12.2023 15:04:11; 804.8514; 0.00180006; 241.0517; Sidewalk; 13.95006; null
39; Pedestrian; Noise; None; 20.12.2023 15:04:11; 804.8507; 0.00180006; 241.0509; Sidewalk; 13.9713; null
39; Pedestrian; Noise; None; 20.12.2023 15:04:11; 804.8499; 0.00180006; 241.0501; Sidewalk; 13.99411; null
39; Pedestrian; Noise; None; 20.12.2023 15:04:11; 804.8499; 0.00180006; 241.0501; Sidewalk; 13.99411; null
39; Pedestrian; Noise; None; 20.12.2023 15:04:11; 804.8482; 0.00180006; 241.0489; Sidewalk; 14.03228; null
39; Pedestrian; Noise; None; 20.12.2023 15:04:11; 804.8465; 0.00180006; 241.0482; Sidewalk; 14.04911; null
39; Pedestrian; Noise; None; 20.12.2023 15:04:11;804845; 0.00180006; 241.0475; Sidewalk; 14.06979; null
39; Pedestrian; Noise; None; 20.12.2023 15:04:11; 804.8433; 0.00180006; 241.0469; Sidewalk; 14.0909; null
39; Pedestrian; Noise; None; 20.12.2023 15:04:11; 804.8425; 0.00180006; 241.0466; Sidewalk; 14.10211; null
39; Pedestrian; Noise; None; 20.12.2023 15:04:11; 804.8408; 0.00180006;241046; Sidewalk; 14.12447; null
39; Pedestrian; Noise; None; 20.12.2023 15:04:11; 804.8393; 0.00180006; 241.0454; Sidewalk; 14.1469; null
39; Pedestrian; Noise; None; 20.12.2023 15:04:11; 804.8375; 0.00180006; 241.0448; Sidewalk; 14.16893; null
39; Pedestrian; Noise; None; 20.12.2023 15:04:11; 804.8358; 0.00180006; 241.0442; Sidewalk; 14.19139; null
39; Pedestrian; Noise; None; 20.12.2023 15:04:11;804835; 0.00180006; 241.0439; Sidewalk; 14.20243; null
39; Pedestrian; Noise; None; 20.12.2023 15:04:11; 804.8327; 0.00180006; 241.0433; Sidewalk; 14.22503; null
39; Pedestrian; Noise; None; 20.12.2023 15:04:11; 804.8306; 0.00180006; 241.0427; Sidewalk; 14.24678; null
39; Pedestrian; Noise; None; 20.12.2023 15:04:11; 804.8285; 0.00180006; 241.0422; Sidewalk; 14.26905; null
39; Pedestrian; Noise; None; 20.12.2023 15:04:11; 804.8261; 0.00180006; 241.0416; Sidewalk; 14.29108; null
39; Pedestrian; Noise; None; 20.12.2023 15:04:11; 804.8248; 0.00180006; 241.0413; Sidewalk; 14.30216; null
39; Pedestrian; Noise; None; 20.12.2023 15:04:11; 804.8223; 0.00180006; 241.0408; Sidewalk; 14.32427; null
39; Pedestrian; Noise; None; 20.12.2023 15:04:11; 804.8192; 0.00180006; 241.0403; Sidewalk; 14.34679; null
39; Pedestrian; Noise; None; 20.12.2023 15:04:11; 804.8162; 0.00180006; 241.0397; Sidewalk; 14.36956; null
39; Pedestrian; Noise; None; 20.12.2023 15:04:11; 804.8129; 0.00180006; 241.0392; Sidewalk; 14.39113; null
39; Pedestrian; Noise; None; 20.12.2023 15:04:11; 804.8112; 0.00180006; 241.0389; Sidewalk; 14.40211; null
39; Pedestrian; Noise; None; 20.12.2023 15:04:11; 804.8076; 0.00180006; 241.0384; Sidewalk; 14.42585; null
39; Pedestrian; Noise; None; 20.12.2023 15:04:11; 804.8036; 0.00180006; 241.0379; Sidewalk; 14.44629; null
39; Pedestrian; Noise; None; 20.12.2023 15:04:11; 804.7999; 0.00180006; 241.0372; Sidewalk; 14.4692; null
39; Pedestrian; Noise; None; 20.12.2023 15:04:11; 804.7961; 0.00180006; 241.0366; Sidewalk; 14.49173; null
39; Pedestrian; Noise; None; 20.12.2023 15:04:11; 804.7943; 0.00180006; 241.0363; Sidewalk; 14.50233; null
39; Pedestrian; Noise; None; 20.12.2023 15:04:11; 804.7906; 0.00180006; 241.0356; Sidewalk; 14.52484; null
39; Pedestrian; Noise; None; 20.12.2023 15:04:11;804788; 0.00180006; 241.0347; Sidewalk; 14.5485; null
39; Pedestrian; Noise; None; 20.12.2023 15:04:11;804785; 0.00180006; 241.0337; Sidewalk; 14.57103; null
39; Pedestrian; Noise; None; 20.12.2023 15:04:11; 804.7825; 0.00180006; 241.0327; Sidewalk; 14.59371; null
39; Pedestrian; Noise; None; 20.12.2023 15:04:11; 804.7811; 0.00180006; 241.0321; Sidewalk; 14.60476; null
39; Pedestrian; Noise; None; 20.12.2023 15:04:11; 804.7785; 0.00180006; 241.0307; Sidewalk; 14.62724; null
39; Pedestrian; Noise; None; 20.12.2023 15:04:11; 804.7758; 0.00180006; 241.0292; Sidewalk; 14.64828; null
39; Pedestrian; Noise; None; 20.12.2023 15:04:11; 804.7733; 0.00180006; 241.0276; Sidewalk; 14.67129; null
39; Pedestrian; Noise; None; 20.12.2023 15:04:11; 804.7706; 0.00180006; 241.0258; Sidewalk; 14.69304; Checking Box Human Car
39; Pedestrian; Noise; None; 20.12.2023 15:04:11; 804.7692; 0.00180006;241025; Sidewalk; 14.70466; Checking Box Human Car
39; Pedestrian; Noise; None; 20.12.2023 15:04:11; 804.7664; 0.00180006; 241.0232; Sidewalk; 14.72697; Checking Box Human Car
39; Pedestrian; Noise; None; 20.12.2023 15:04:11;804764; 0.00180006; 241.0215; Sidewalk; 14.74903; Checking Box Human Car
39; Pedestrian; Noise; None; 20.12.2023 15:04:11; 804.7612; 0.00180006; 241.0197; Sidewalk; 14.77114; Checking Box Human Car
39; Pedestrian; Noise; None; 20.12.2023 15:04:11; 804.7584; 0.00180006;241018; Sidewalk; 14.7944; Checking Box Human Car
39; Pedestrian; Noise; None; 20.12.2023 15:04:11; 804.7571; 0.00180006; 241.0171; Sidewalk; 14.80419; Checking Box Human Car
39; Pedestrian; Noise; None; 20.12.2023 15:04:12;804755; 0.00180006; 241.0154; Sidewalk; 14.82621; Checking Box Human Car
39; Pedestrian; Noise; None; 20.12.2023 15:04:12; 804.7527; 0.00180006; 241.0137; Sidewalk; 14.84833; Checking Box Human Car
39; Pedestrian; Noise; None; 20.12.2023 15:04:12; 804.7505; 0.00180006;241012; Sidewalk; 14.87144; Checking Box Human Car
39; Pedestrian; Noise; None; 20.12.2023 15:04:12; 804.7487; 0.00180006; 241.0103; Sidewalk; 14.8926; Checking Box Human Car
39; Pedestrian; Noise; None; 20.12.2023 15:04:12; 804.7479; 0.00180006; 241.0094; Sidewalk; 14.90495; Checking Box Human Car
39; Pedestrian; Noise; None; 20.12.2023 15:04:12; 804.7465; 0.00180006; 241.0077; Sidewalk; 14.92737; Checking Box Human Car
39; Pedestrian; Noise; None; 20.12.2023 15:04:12; 804.7454; 0.00180006; 241.0062; Sidewalk; 14.94853; Checking Box Human Car
39; Pedestrian; Noise; None; 20.12.2023 15:04:12; 804.7446; 0.00180006; 241.0048; Sidewalk; 14.97123; Checking Box Human Car
39; Pedestrian; Noise; None; 20.12.2023 15:04:12; 804.7436; 0.00180006; 241.0034; Sidewalk; 14.99258; Checking Box Human Car
39; Pedestrian; Noise; None; 20.12.2023 15:04:12; 804.7432; 0.00180006; 241.0027; Sidewalk; 15.0043; Checking Box Human Car
39; Pedestrian; Noise; None; 20.12.2023 15:04:12; 804.7423; 0.00180006; 241.0015; Sidewalk; 15.02616; Checking Box Human Car
39; Pedestrian; Noise; None; 20.12.2023 15:04:12; 804.7418; 0.00180006; 241.0002; Sidewalk; 15.04845; Checking Box Human Car
39; Pedestrian; Noise; None; 20.12.2023 15:04:12; 804.7415; 0.00180006; 240.9996; Sidewalk; 15.0594; Checking Box Human Car
39; Pedestrian; Noise; None; 20.12.2023 15:04:12; 804.7399; 0.00180006;240998; Sidewalk; 15.07165; Checking Box Human Car
39; Pedestrian; Noise; None; 20.12.2023 15:04:12; 804.7399; 0.00180006;240998; Sidewalk; 15.07165; Checking Box Human Car
39; Pedestrian; Noise; None; 20.12.2023 15:04:12; 804.7384; 0.00180006; 240.9966; Sidewalk; 15.12328; Checking Box Human Car
39; Pedestrian; Noise; None; 20.12.2023 15:04:12; 804.7374; 0.00180006; 240.9957; Sidewalk; 15.14664; Checking Box Human Car
39; Pedestrian; Noise; None; 20.12.2023 15:04:12; 804.7366; 0.00180006; 240.9948; Sidewalk; 15.16881; null
39; Pedestrian; Noise; None; 20.12.2023 15:04:12; 804.7355; 0.00180006;240994; Sidewalk; 15.19092; null
39; Pedestrian; Noise; None; 20.12.2023 15:04:12; 804.7348; 0.00180006; 240.9935; Sidewalk; 15.20337; null
39; Pedestrian; Noise; None; 20.12.2023 15:04:12; 804.7337; 0.00180006; 240.9929; Sidewalk; 15.22489; null
39; Pedestrian; Noise; None; 20.12.2023 15:04:12; 804.7327; 0.00180006; 240.9923; Sidewalk; 15.24783; null
39; Pedestrian; Noise; None; 20.12.2023 15:04:12; 804.7315; 0.00180006; 240.9918; Sidewalk; 15.27137; null
39; Pedestrian; Noise; None; 20.12.2023 15:04:12; 804.7304; 0.00180006; 240.9913; Sidewalk; 15.29474; null
39; Pedestrian; Noise; None; 20.12.2023 15:04:12; 804.7299; 0.00180006; 240.9912; Sidewalk; 15.30431; null
39; Pedestrian; Noise; None; 20.12.2023 15:04:12; 804.7291; 0.00180006; 240.9911; Sidewalk; 15.32457; null
39; Pedestrian; Noise; None; 20.12.2023 15:04:12; 804.7279; 0.00180006; 240.9908; Sidewalk; 15.34599; null
39; Pedestrian; Noise; None; 20.12.2023 15:04:12; 804.7266; 0.00180006; 240.9907; Sidewalk; 15.3701; null
39; Pedestrian; Noise; None; 20.12.2023 15:04:12; 804.7253; 0.00180006; 240.9906; Sidewalk; 15.3907; null
39; Pedestrian; Noise; None; 20.12.2023 15:04:12; 804.7247; 0.00180006; 240.9907; Sidewalk; 15.40349; null
39; Pedestrian; Noise; None; 20.12.2023 15:04:12;804723; 0.00180006; 240.9908; Sidewalk; 15.4264; null
39; Pedestrian; Noise; None; 20.12.2023 15:04:12; 804.7213; 0.00180006; 240.9911; Sidewalk; 15.44631; null
39; Pedestrian; Noise; None; 20.12.2023 15:04:12; 804.7195; 0.00180006; 240.9916; Sidewalk; 15.46981; null
39; Pedestrian; Noise; None; 20.12.2023 15:04:12; 804.7182; 0.00180006; 240.9922; Sidewalk; 15.49129; null
39; Pedestrian; Noise; None; 20.12.2023 15:04:12; 804.7175; 0.00180006; 240.9926; Sidewalk; 15.5032; null
39; Pedestrian; Noise; None; 20.12.2023 15:04:12; 804.7166; 0.00180006; 240.9934; Sidewalk; 15.52407; null
39; Pedestrian; Noise; None; 20.12.2023 15:04:12; 804.7153; 0.00180006; 240.9944; Sidewalk; 15.54726; null
39; Pedestrian; Noise; None; 20.12.2023 15:04:12; 804.7146; 0.00180006; 240.9955; Sidewalk; 15.56872; null
39; Pedestrian; Noise; None; 20.12.2023 15:04:12; 804.7141; 0.00180006; 240.9968; Sidewalk; 15.59132; null
39; Pedestrian; Noise; None; 20.12.2023 15:04:12; 804.7137; 0.00180006; 240.9975; Sidewalk; 15.60171; null
39; Pedestrian; Noise; None; 20.12.2023 15:04:12; 804.7135; 0.00180006;240999; Sidewalk; 15.62426; null
39; Pedestrian; Noise; None; 20.12.2023 15:04:12; 804.7133; 0.00180006; 241.0006; Sidewalk; 15.6465; null
39; Pedestrian; Noise; None; 20.12.2023 15:04:12; 804.7133; 0.00180006;241002; Sidewalk; 15.66902; null
39; Pedestrian; Noise; None; 20.12.2023 15:04:12; 804.7131; 0.00180006; 241.0036; Sidewalk; 15.69069; null
39; Pedestrian; Noise; None; 20.12.2023 15:04:12; 804.7133; 0.00180006; 241.0045; Sidewalk; 15.70166; null
39; Pedestrian; Noise; None; 20.12.2023 15:04:12; 804.7134; 0.00180006; 241.0061; Sidewalk; 15.72464; null
39; Pedestrian; Noise; None; 20.12.2023 15:04:12; 804.7135; 0.00180006; 241.0077; Sidewalk; 15.74748; null
39; Pedestrian; Noise; None; 20.12.2023 15:04:12; 804.7139; 0.00180006; 241.0092; Sidewalk; 15.76888; null
39; Pedestrian; Noise; None; 20.12.2023 15:04:12; 804.7142; 0.00180006; 241.0108; Sidewalk; 15.79262; null
39; Pedestrian; Noise; None; 20.12.2023 15:04:12; 804.7148; 0.00180006; 241.0115; Sidewalk; 15.80349; null
39; Pedestrian; Noise; None; 20.12.2023 15:04:12; 804.7154; 0.00180006;241013; Sidewalk; 15.82564; null
39; Pedestrian; Noise; None; 20.12.2023 15:04:13;804716; 0.00180006; 241.0143; Sidewalk; 15.84783; Checking Box AICar
39; Pedestrian; Noise; None; 20.12.2023 15:04:13; 804.7162; 0.00180006; 241.0157; Sidewalk; 15.8702; Checking Box AICar
39; Pedestrian; Noise; None; 20.12.2023 15:04:13; 804.7166; 0.00180006;241017; Sidewalk; 15.89288; Checking Box AICar
39; Pedestrian; Noise; None; 20.12.2023 15:04:13;804717; 0.00180006; 241.0176; Sidewalk; 15.90408; Checking Box AICar
39; Pedestrian; Noise; None; 20.12.2023 15:04:13; 804.7181; 0.00180006; 241.0187; Sidewalk; 15.92704; null
39; Pedestrian; Noise; None; 20.12.2023 15:04:13; 804.7193; 0.00180006; 241.0198; Sidewalk; 15.94866; null
39; Pedestrian; Noise; None; 20.12.2023 15:04:13; 804.7205; 0.00180006; 241.0209; Sidewalk; 15.9714; null
39; Pedestrian; Noise; None; 20.12.2023 15:04:13; 804.7217; 0.00180006;241022; Sidewalk;15993; null
39; Pedestrian; Noise; None; 20.12.2023 15:04:13; 804.7224; 0.00180006; 241.0225; Sidewalk; 16.0033; null
39; Pedestrian; Noise; None; 20.12.2023 15:04:13; 804.7248; 0.00180006; 241.0235; Sidewalk; 16.02672; null
39; Pedestrian; Noise; None; 20.12.2023 15:04:13; 804.7272; 0.00180006; 241.0243; Sidewalk; 16.04784; null
39; Pedestrian; Noise; None; 20.12.2023 15:04:13; 804.7289; 0.00180006; 241.0252; Sidewalk; 16.06999; null
39; Pedestrian; Noise; None; 20.12.2023 15:04:13; 804.7306; 0.00180006;241026; Sidewalk; 16.09212; null
39; Pedestrian; Noise; None; 20.12.2023 15:04:13; 804.7317; 0.00180006; 241.0264; Sidewalk; 16.10365; null
39; Pedestrian; Noise; None; 20.12.2023 15:04:13; 804.7343; 0.00180006; 241.0273; Sidewalk; 16.12642; null
39; Pedestrian; Noise; None; 20.12.2023 15:04:13; 804.7377; 0.00180006; 241.0282; Sidewalk; 16.14753; null
39; Pedestrian; Noise; None; 20.12.2023 15:04:13; 804.7415; 0.00180006;241029; Sidewalk; 16.17032; null
39; Pedestrian; Noise; None; 20.12.2023 15:04:13; 804.7454; 0.00180006; 241.0297; Sidewalk; 16.19296; null
39; Pedestrian; Noise; None; 20.12.2023 15:04:13; 804.7475; 0.00180006; 241.0301; Sidewalk; 16.20328; null
39; Pedestrian; Noise; None; 20.12.2023 15:04:13; 804.7523; 0.00180006; 241.0308; Sidewalk; 16.22568; null
39; Pedestrian; Noise; None; 20.12.2023 15:04:13; 804.7569; 0.00180006; 241.0315; Sidewalk; 16.24823; null
39; Pedestrian; Noise; None; 20.12.2023 15:04:13; 804.7612; 0.00180006; 241.0322; Sidewalk; 16.27034; null
39; Pedestrian; Noise; None; 20.12.2023 15:04:13; 804.7654; 0.00180006; 241.0332; Sidewalk; 16.29314; null
39; Pedestrian; Noise; None; 20.12.2023 15:04:13; 804.7675; 0.00180006; 241.0337; Sidewalk; 16.30361; null
39; Pedestrian; Noise; None; 20.12.2023 15:04:13; 804.7709; 0.00180006; 241.0347; Sidewalk; 16.32592; null
39; Pedestrian; Noise; None; 20.12.2023 15:04:13; 804.7736; 0.00180006; 241.0356; Sidewalk; 16.34739; null
39; Pedestrian; Noise; None; 20.12.2023 15:04:13; 804.7761; 0.00180006; 241.0365; Sidewalk; 16.37124; null
39; Pedestrian; Noise; None; 20.12.2023 15:04:13; 804.7779; 0.00180006; 241.0374; Sidewalk; 16.39218; null
39; Pedestrian; Noise; None; 20.12.2023 15:04:13; 804.7787; 0.00180006; 241.0379; Sidewalk; 16.40424; null
39; Pedestrian; Noise; None; 20.12.2023 15:04:13; 804.7797; 0.00180006; 241.0387; Sidewalk; 16.42542; null
39; Pedestrian; Noise; None; 20.12.2023 15:04:13; 804.7802; 0.00180006; 241.0396; Sidewalk; 16.44735; null
39; Pedestrian; Noise; None; 20.12.2023 15:04:13; 804.7805; 0.00180006; 241.0404; Sidewalk; 16.47091; null
39; Pedestrian; Noise; None; 20.12.2023 15:04:13; 804.78; 0.00180006; 241.0413; Sidewalk; 16.49215; null
39; Pedestrian; Noise; None; 20.12.2023 15:04:13; 804.7799; 0.00180006; 241.0417; Sidewalk; 16.50337; null
39; Pedestrian; Noise; None; 20.12.2023 15:04:13; 804.7792; 0.00180006; 241.0425; Sidewalk; 16.52661; null
39; Pedestrian; Noise; None; 20.12.2023 15:04:13;804778; 0.00180006; 241.0434; Sidewalk; 16.54753; null
39; Pedestrian; Noise; None; 20.12.2023 15:04:13; 804.7767; 0.00180006; 241.0443; Sidewalk; 16.57031; null
39; Pedestrian; Noise; None; 20.12.2023 15:04:13; 804.7741; 0.00180006; 241.0453; Sidewalk; 16.59298; null
39; Pedestrian; Noise; None; 20.12.2023 15:04:13; 804.7728; 0.00180006;241046; Sidewalk; 16.60322; null
39; Pedestrian; Noise; None; 20.12.2023 15:04:13; 804.7698; 0.00180006; 241.0471; Sidewalk; 16.62616; null
39; Pedestrian; Noise; None; 20.12.2023 15:04:13; 804.7659; 0.00180006; 241.0485; Sidewalk; 16.64769; null
39; Pedestrian; Noise; None; 20.12.2023 15:04:13; 804.7609; 0.00180006; 241.0499; Sidewalk; 16.67019; null
39; Pedestrian; Noise; None; 20.12.2023 15:04:13; 804.7552; 0.00180006; 241.0514; Sidewalk; 16.69211; null
39; Pedestrian; Noise; None; 20.12.2023 15:04:13; 804.7521; 0.00180006;241052; Sidewalk; 16.70386; null
39; Pedestrian; Noise; None; 20.12.2023 15:04:13; 804.7458; 0.00180006; 241.0537; Sidewalk; 16.72664; null
39; Pedestrian; Noise; None; 20.12.2023 15:04:13; 804.7389; 0.00180006; 241.0554; Sidewalk; 16.74789; null
39; Pedestrian; Noise; None; 20.12.2023 15:04:13; 804.7314; 0.00180006; 241.0572; Sidewalk; 16.77086; null
39; Pedestrian; Noise; None; 20.12.2023 15:04:13;804724; 0.00180006; 241.0589; Sidewalk; 16.79306; null
39; Pedestrian; Noise; None; 20.12.2023 15:04:13; 804.7202; 0.00180006; 241.0597; Sidewalk; 16.8031; null
39; Pedestrian; Noise; None; 20.12.2023 15:04:13; 804.7131; 0.00180006; 241.0612; Sidewalk; 16.82561; null
39; Pedestrian; Noise; None; 20.12.2023 15:04:14; 804.7061; 0.00180006; 241.0625; Sidewalk; 16.84713; null
39; Pedestrian; Noise; None; 20.12.2023 15:04:14; 804.7; 0.00180006; 241.0635; Sidewalk; 16.8584; null
39; Pedestrian; Noise; None; 20.12.2023 15:04:14; 804.6943; 0.00180006; 241.0643; Sidewalk; 16.8584; null
39; Pedestrian; Noise; None; 20.12.2023 15:04:14; 804.6918; 0.00180006; 241.0646; Road;0; null
39; Pedestrian; Noise; None; 20.12.2023 15:04:14; 804.6866; 0.00180006; 241.0649; Road; 0.0216297; null
39; Pedestrian; Noise; None; 20.12.2023 15:04:14; 804.6823; 0.00180006; 241.0651; Road; 0.0448717; null
39; Pedestrian; Noise; None; 20.12.2023 15:04:14; 804.6786; 0.00180006;241065; Road; 0.0661684; null
39; Pedestrian; Noise; None; 20.12.2023 15:04:14; 804.6758; 0.00180006; 241.0645; Road; 0.0885109; null
39; Pedestrian; Noise; None; 20.12.2023 15:04:14; 804.6746; 0.00180006; 241.0641; Road; 0.0992192; null
39; Pedestrian; Noise; None; 20.12.2023 15:04:14; 804.6722; 0.00180006; 241.0631; Road; 0.1223812; null
39; Pedestrian; Noise; None; 20.12.2023 15:04:14; 804.6702; 0.00180006; 241.0621; Road; 0.1448129; null
39; Pedestrian; Noise; None; 20.12.2023 15:04:14; 804.6689; 0.00180006;241061; Road; 0.1664798; null
39; Pedestrian; Noise; None; 20.12.2023 15:04:14; 804.6678; 0.00180006; 241.0597; Road; 0.1886917; null
39; Pedestrian; Noise; None; 20.12.2023 15:04:14; 804.6672; 0.00180006; 241.0589; Road; 0.1996504; null
39; Pedestrian; Noise; None; 20.12.2023 15:04:14; 804.6664; 0.00180006; 241.0575; Road; 0.2217124; null
39; Pedestrian; Noise; None; 20.12.2023 15:04:14;804666; 0.00180006; 241.0562; Road; 0.2439922; null
39; Pedestrian; Noise; None; 20.12.2023 15:04:14; 804.6656; 0.00180006; 241.0549; Road; 0.2667698; null
39; Pedestrian; Noise; None; 20.12.2023 15:04:14; 804.6656; 0.00180006; 241.0538; Road; 0.288625; null
39; Pedestrian; Noise; None; 20.12.2023 15:04:14; 804.6655; 0.00180006; 241.0533; Road; 0.2999718; null
39; Pedestrian; Noise; None; 20.12.2023 15:04:14; 804.6652; 0.00180006; 241.0524; Road; 0.322206; Checking Box AICar
39; Pedestrian; Noise; None; 20.12.2023 15:04:14; 804.6649; 0.00180006;241052; Road; 0.3439045; Checking Box AICar
39; Pedestrian; Noise; None; 20.12.2023 15:04:14; 804.6647; 0.00180006; 241.0516; Road; 0.3673204; Checking Box AICar
39; Pedestrian; Noise; None; 20.12.2023 15:04:14; 804.6644; 0.00180006; 241.0513; Road; 0.3892673; Checking Box AICar
39; Pedestrian; Noise; None; 20.12.2023 15:04:14; 804.6644; 0.00180006; 241.0513; Road; 0.399756; Checking Box AICar
39; Pedestrian; Noise; None; 20.12.2023 15:04:14; 804.6644; 0.00180006;241051; Road; 0.4224902; Checking Box AICar
39; Pedestrian; Noise; None; 20.12.2023 15:04:14; 804.6647; 0.00180006;241051; Road; 0.4440569; Checking Box AICar
39; Pedestrian; Noise; None; 20.12.2023 15:04:14; 804.6654; 0.00180006;241051; Road; 0.4666604; Checking Box AICar
39; Pedestrian; Noise; None; 20.12.2023 15:04:14; 804.6658; 0.00180006;241051; Road; 0.4883373; Checking Box AICar
39; Pedestrian; Noise; None; 20.12.2023 15:04:14; 804.6663; 0.00180006;241051; Road; 0.4996164; Checking Box AICar
39; Pedestrian; Noise; None; 20.12.2023 15:04:14; 804.6669; 0.00180006; 241.0511; Road; 0.523017; Checking Box AICar
39; Pedestrian; Noise; None; 20.12.2023 15:04:14; 804.6676; 0.00180006; 241.0511; Road; 0.5443317; Checking Box AICar
39; Pedestrian; Noise; None; 20.12.2023 15:04:14; 804.6685; 0.00180006; 241.0513; Road; 0.5657496; Checking Box AICar
39; Pedestrian; Noise; None; 20.12.2023 15:04:14; 804.6691; 0.00180006; 241.0515; Road; 0.5885078; Checking Box AICar
39; Pedestrian; Noise; None; 20.12.2023 15:04:14; 804.6694; 0.00180006; 241.0516; Road; 0.5994171; Checking Box AICar
39; Pedestrian; Noise; None; 20.12.2023 15:04:14; 804.6705; 0.00180006; 241.0519; Road; 0.6218749; Checking Box AICar
39; Pedestrian; Noise; None; 20.12.2023 15:04:14; 804.6717; 0.00180006; 241.0522; Road; 0.6433199; Checking Box AICar
39; Pedestrian; Noise; None; 20.12.2023 15:04:14;804673; 0.00180006; 241.0524; Road; 0.6667765; Checking Box AICar
39; Pedestrian; Noise; None; 20.12.2023 15:04:14; 804.6749; 0.00180006; 241.0527; Road; 0.6891338; Checking Box AICar
39; Pedestrian; Noise; None; 20.12.2023 15:04:14; 804.6757; 0.00180006; 241.0527; Road; 0.7019562; Checking Box AICar
39; Pedestrian; Noise; None; 20.12.2023 15:04:14; 804.6777; 0.00180006; 241.0529; Road; 0.7250277; Checking Box AICar
39; Pedestrian; Noise; None; 20.12.2023 15:04:14; 804.6799; 0.00180006; 241.0531; Road; 0.7438269; Checking Box AICar
39; Pedestrian; Noise; None; 20.12.2023 15:04:14; 804.6827; 0.00180006; 241.0532; Road; 0.7644929; Checking Box AICar
39; Pedestrian; Noise; None; 20.12.2023 15:04:14; 804.6846; 0.00180006; 241.0533; Road; 0.7864603; Checking Box AICar
39; Pedestrian; Noise; None; 20.12.2023 15:04:14; 804.6859; 0.00180006; 241.0533; Road; 0.7976735; Checking Box AICar
39; Pedestrian; Noise; None; 20.12.2023 15:04:14; 804.6884; 0.00180006; 241.0531; Road; 0.8198107; Checking Box AICar
39; Pedestrian; Noise; None; 20.12.2023 15:04:14; 804.6911; 0.00180006; 241.0528; Road; 0.8421724; Checking Box AICar
39; Pedestrian; Noise; None; 20.12.2023 15:04:14; 804.6943; 0.00180006; 241.0525; Road; 0.8637369; Checking Box AICar
39; Pedestrian; Noise; None; 20.12.2023 15:04:14; 804.6974; 0.00180006;241052; Road; 0.8752832; Checking Box AICar
39; Pedestrian; Noise; None; 20.12.2023 15:04:14; 804.6974; 0.00180006;241052; Road; 0.8752832; Checking Box AICar
39; Pedestrian; Noise; None; 20.12.2023 15:04:15; 804.7017; 0.00180006; 241.0513; Road; 0.8752832; Checking Box AICar
39; Pedestrian; Noise; None; 20.12.2023 15:04:15; 804.7032; 0.00180006;241051; Road; 0.8752832; Checking Box AICar
39; Pedestrian; Noise; None; 20.12.2023 15:04:15; 804.7074; 0.00180006; 241.0503; Sidewalk; 16.91478; Checking Box AICar
39; Pedestrian; Noise; None; 20.12.2023 15:04:15; 804.7101; 0.00180006; 241.05; Sidewalk; 16.93715; Checking Box AICar
39; Pedestrian; Noise; None; 20.12.2023 15:04:15; 804.7114; 0.00180006; 241.0499; Sidewalk; 16.94805; Checking Box AICar
39; Pedestrian; Noise; None; 20.12.2023 15:04:15; 804.7136; 0.00180006; 241.0496; Sidewalk; 16.97288; Checking Box AICar
39; Pedestrian; Noise; None; 20.12.2023 15:04:15; 804.7158; 0.00180006; 241.0495; Sidewalk; 16.99164; Checking Box AICar
39; Pedestrian; Noise; None; 20.12.2023 15:04:15; 804.7171; 0.00180006; 241.0495; Sidewalk; 17.01405; Checking Box AICar
39; Pedestrian; Noise; None; 20.12.2023 15:04:15; 804.7182; 0.00180006; 241.0495; Sidewalk; 17.03646; Checking Box AICar
39; Pedestrian; Noise; None; 20.12.2023 15:04:15; 804.7188; 0.00180006; 241.0496; Sidewalk; 17.04773; Checking Box AICar
39; Pedestrian; Noise; None; 20.12.2023 15:04:15; 804.7197; 0.00180006; 241.0498; Sidewalk; 17.07046; Checking Box AICar
39; Pedestrian; Noise; None; 20.12.2023 15:04:15; 804.72; 0.00180006; 241.05; Sidewalk; 17.09323; Checking Box AICar
39; Pedestrian; Noise; None; 20.12.2023 15:04:15; 804.72; 0.00180006; 241.0504; Sidewalk;17118; Checking Box AICar
39; Pedestrian; Noise; None; 20.12.2023 15:04:15; 804.7197; 0.00180006; 241.0509; Sidewalk; 17.1403; Checking Box AICar
39; Pedestrian; Noise; None; 20.12.2023 15:04:15; 804.7191; 0.00180006; 241.0511; Sidewalk; 17.14907; Checking Box AICar
39; Pedestrian; Noise; None; 20.12.2023 15:04:15; 804.7183; 0.00180006; 241.0516; Sidewalk; 17.17084; Checking Box AICar
39; Pedestrian; Noise; None; 20.12.2023 15:04:15; 804.7173; 0.00180006;241052; Sidewalk; 17.19164; Checking Box AICar
39; Pedestrian; Noise; None; 20.12.2023 15:04:15; 804.7162; 0.00180006; 241.0524; Sidewalk; 17.21391; Checking Box AICar
39; Pedestrian; Noise; None; 20.12.2023 15:04:15; 804.7152; 0.00180006; 241.0528; Sidewalk; 17.23647; Checking Box AICar
39; Pedestrian; Noise; None; 20.12.2023 15:04:15; 804.7148; 0.00180006;241053; Sidewalk; 17.24776; Checking Box AICar
39; Pedestrian; Noise; None; 20.12.2023 15:04:15; 804.7138; 0.00180006; 241.0535; Sidewalk; 17.26987; Checking Box AICar
39; Pedestrian; Noise; None; 20.12.2023 15:04:15;804713; 0.00180006; 241.0539; Sidewalk; 17.29113; Checking Box AICar
39; Pedestrian; Noise; None; 20.12.2023 15:04:15; 804.7121; 0.00180006; 241.0541; Sidewalk; 17.31305; Checking Box AICar
39; Pedestrian; Noise; None; 20.12.2023 15:04:15; 804.7117; 0.00180006; 241.0544; Sidewalk; 17.33645; Checking Box AICar
39; Pedestrian; Noise; None; 20.12.2023 15:04:15; 804.7114; 0.00180006; 241.0545; Sidewalk; 17.34658; Checking Box AICar
39; Pedestrian; Noise; None; 20.12.2023 15:04:15; 804.7111; 0.00180006; 241.0546; Sidewalk;17369; Checking Box AICar
39; Pedestrian; Noise; None; 20.12.2023 15:04:15; 804.7107; 0.00180006; 241.0548; Sidewalk; 17.3911; Checking Box AICar
39; Pedestrian; Noise; None; 20.12.2023 15:04:15; 804.7104; 0.00180006; 241.0549; Sidewalk; 17.41452; Checking Box AICar
39; Pedestrian; Noise; None; 20.12.2023 15:04:15; 804.7106; 0.00180006; 241.0551; Sidewalk; 17.43598; Checking Box AICar
39; Pedestrian; Noise; None; 20.12.2023 15:04:15; 804.7107; 0.00180006; 241.0551; Sidewalk; 17.44807; Checking Box AICar
39; Pedestrian; Noise; None; 20.12.2023 15:04:15; 804.7107; 0.00180006;241055; Sidewalk; 17.46975; Checking Box AICar
39; Pedestrian; Noise; None; 20.12.2023 15:04:15; 804.7108; 0.00180006; 241.0549; Sidewalk; 17.49119; Checking Box AICar
39; Pedestrian; Noise; None; 20.12.2023 15:04:15; 804.7108; 0.00180006;241055; Sidewalk; 17.51328; Checking Box AICar
39; Pedestrian; Noise; None; 20.12.2023 15:04:15; 804.7108; 0.00180006;241055; Sidewalk; 17.5362; Checking Box AICar
39; Pedestrian; Noise; None; 20.12.2023 15:04:15; 804.7111; 0.00180006; 241.0549; Sidewalk; 17.54753; Checking Box AICar
39; Pedestrian; Noise; None; 20.12.2023 15:04:15; 804.7119; 0.00180006; 241.0547; Sidewalk; 17.57024; Checking Box AICar
39; Pedestrian; Noise; None; 20.12.2023 15:04:15; 804.7126; 0.00180006; 241.0544; Sidewalk; 17.59242; Checking Box AICar
39; Pedestrian; Noise; None; 20.12.2023 15:04:15; 804.7133; 0.00180006;241054; Sidewalk; 17.61546; Checking Box AICar
39; Pedestrian; Noise; None; 20.12.2023 15:04:15; 804.7144; 0.00180006; 241.0537; Sidewalk; 17.63696; Checking Box AICar
39; Pedestrian; Noise; None; 20.12.2023 15:04:15;804715; 0.00180006; 241.0535; Sidewalk; 17.64772; Checking Box AICar
39; Pedestrian; Noise; None; 20.12.2023 15:04:15; 804.7162; 0.00180006; 241.0531; Sidewalk; 17.67; Checking Box AICar
39; Pedestrian; Noise; None; 20.12.2023 15:04:15; 804.7175; 0.00180006; 241.0527; Sidewalk; 17.69195; Checking Box AICar
39; Pedestrian; Noise; None; 20.12.2023 15:04:15; 804.7191; 0.00180006; 241.0523; Sidewalk; 17.71395; null
39; Pedestrian; Noise; None; 20.12.2023 15:04:15; 804.7204; 0.00180006; 241.0518; Sidewalk; 17.73663; null
39; Pedestrian; Noise; None; 20.12.2023 15:04:15; 804.7211; 0.00180006; 241.0516; Sidewalk; 17.74776; null
39; Pedestrian; Noise; None; 20.12.2023 15:04:15; 804.7222; 0.00180006; 241.0512; Sidewalk; 17.77069; null
39; Pedestrian; Noise; None; 20.12.2023 15:04:15; 804.7237; 0.00180006; 241.0508; Sidewalk; 17.79175; null
39; Pedestrian; Noise; None; 20.12.2023 15:04:15;804725; 0.00180006; 241.0504; Sidewalk; 17.81423; null
39; Pedestrian; Noise; None; 20.12.2023 15:04:15; 804.7267; 0.00180006; 241.0501; Sidewalk; 17.83777; null
39; Pedestrian; Noise; None; 20.12.2023 15:04:15; 804.7274; 0.00180006; 241.0499; Sidewalk; 17.84753; null
39; Pedestrian; Noise; None; 20.12.2023 15:04:15; 804.7288; 0.00180006; 241.0494; Sidewalk; 17.86973; null
39; Pedestrian; Noise; None; 20.12.2023 15:04:16; 804.7306; 0.00180006; 241.0489; Sidewalk;17892; null
39; Pedestrian; Noise; None; 20.12.2023 15:04:16; 804.7325; 0.00180006; 241.0484; Sidewalk; 17.91384; null
39; Pedestrian; Noise; None; 20.12.2023 15:04:16; 804.7347; 0.00180006; 241.0478; Sidewalk; 17.93753; null
39; Pedestrian; Noise; None; 20.12.2023 15:04:16; 804.7357; 0.00180006; 241.0474; Sidewalk; 17.94748; null
39; Pedestrian; Noise; None; 20.12.2023 15:04:16; 804.7386; 0.00180006; 241.0468; Sidewalk; 17.97135; null
39; Pedestrian; Noise; None; 20.12.2023 15:04:16; 804.7416; 0.00180006; 241.0461; Sidewalk; 17.99291; null
39; Pedestrian; Noise; None; 20.12.2023 15:04:16; 804.7451; 0.00180006; 241.0454; Sidewalk; 18.01523; null
39; Pedestrian; Noise; None; 20.12.2023 15:04:16; 804.7487; 0.00180006; 241.0446; Sidewalk; 18.03836; null
39; Pedestrian; Noise; None; 20.12.2023 15:04:16; 804.7505; 0.00180006; 241.0441; Sidewalk; 18.05075; null
39; Pedestrian; Noise; None; 20.12.2023 15:04:16; 804.7546; 0.00180006; 241.0432; Sidewalk; 18.0739; null
39; Pedestrian; Noise; None; 20.12.2023 15:04:16; 804.7587; 0.00180006; 241.0423; Sidewalk; 18.09414; null
39; Pedestrian; Noise; None; 20.12.2023 15:04:16; 804.7629; 0.00180006; 241.0416; Sidewalk; 18.11331; null
39; Pedestrian; Noise; None; 20.12.2023 15:04:16; 804.7671; 0.00180006;241041; Sidewalk; 18.13551; null
39; Pedestrian; Noise; None; 20.12.2023 15:04:16;804769; 0.00180006; 241.0407; Sidewalk; 18.14636; null
39; Pedestrian; Noise; None; 20.12.2023 15:04:16; 804.7733; 0.00180006; 241.0403; Sidewalk; 18.16882; null
39; Pedestrian; Noise; None; 20.12.2023 15:04:16;804777; 0.00180006; 241.0398; Sidewalk; 18.19087; null
39; Pedestrian; Noise; None; 20.12.2023 15:04:16; 804.7807; 0.00180006; 241.0394; Sidewalk; 18.21281; Checking Box AICar
39; Pedestrian; Noise; None; 20.12.2023 15:04:16; 804.7841; 0.00180006;241039; Sidewalk; 18.23516; Checking Box AICar
39; Pedestrian; Noise; None; 20.12.2023 15:04:16; 804.7858; 0.00180006; 241.0389; Sidewalk; 18.24645; Checking Box AICar
39; Pedestrian; Noise; None; 20.12.2023 15:04:16; 804.7883; 0.00180006; 241.0388; Sidewalk; 18.27; Checking Box AICar
39; Pedestrian; Noise; None; 20.12.2023 15:04:16; 804.7914; 0.00180006; 241.0387; Sidewalk; 18.29102; Checking Box AICar
39; Pedestrian; Noise; None; 20.12.2023 15:04:16; 804.7944; 0.00180006; 241.0388; Sidewalk; 18.31376; Checking Box AICar
39; Pedestrian; Noise; None; 20.12.2023 15:04:16; 804.7969; 0.00180006; 241.0387; Sidewalk; 18.33598; Checking Box AICar
39; Pedestrian; Noise; None; 20.12.2023 15:04:16; 804.7979; 0.00180006; 241.0387; Sidewalk; 18.34665; Checking Box AICar
39; Pedestrian; Noise; None; 20.12.2023 15:04:16; 804.7999; 0.00180006; 241.0389; Sidewalk; 18.36856; Checking Box AICar
39; Pedestrian; Noise; None; 20.12.2023 15:04:16; 804.8018; 0.00180006; 241.0391; Sidewalk; 18.39091; Checking Box AICar
39; Pedestrian; Noise; None; 20.12.2023 15:04:16; 804.8038; 0.00180006; 241.0394; Sidewalk; 18.41398; Checking Box AICar
39; Pedestrian; Noise; None; 20.12.2023 15:04:16; 804.8053; 0.00180006; 241.0396; Sidewalk; 18.43539; Checking Box AICar
39; Pedestrian; Noise; None; 20.12.2023 15:04:16; 804.8062; 0.00180006; 241.0398; Sidewalk; 18.4472; Checking Box AICar
39; Pedestrian; Noise; None; 20.12.2023 15:04:16; 804.8079; 0.00180006; 241.0402; Sidewalk; 18.46861; Checking Box AICar
39; Pedestrian; Noise; None; 20.12.2023 15:04:16; 804.8086; 0.00180006; 241.0403; Sidewalk; 18.48007; Checking Box AICar
39; Pedestrian; Noise; None; 20.12.2023 15:04:16; 804.8108; 0.00180006; 241.0406; Sidewalk; 18.51429; Checking Box AICar
39; Pedestrian; Noise; None; 20.12.2023 15:04:16; 804.8124; 0.00180006; 241.0409; Sidewalk; 18.53863; Checking Box AICar
39; Pedestrian; Noise; None; 20.12.2023 15:04:16;804813; 0.00180006; 241.0409; Sidewalk; 18.54714; Checking Box AICar
39; Pedestrian; Noise; None; 20.12.2023 15:04:16; 804.8141; 0.00180006;241041; Sidewalk; 18.57043; Checking Box AICar
39; Pedestrian; Noise; None; 20.12.2023 15:04:16; 804.8153; 0.00180006; 241.0412; Sidewalk; 18.59171; Checking Box AICar
39; Pedestrian; Noise; None; 20.12.2023 15:04:16; 804.8164; 0.00180006; 241.0413; Sidewalk; 18.61351; Checking Box AICar
39; Pedestrian; Noise; None; 20.12.2023 15:04:16; 804.8174; 0.00180006; 241.0415; Sidewalk; 18.63871; Checking Box AICar
39; Pedestrian; Noise; None; 20.12.2023 15:04:16; 804.8177; 0.00180006; 241.0416; Sidewalk; 18.64884; Checking Box AICar
39; Pedestrian; Noise; None; 20.12.2023 15:04:16; 804.8181; 0.00180006; 241.0415; Sidewalk; 18.66937; Checking Box AICar
39; Pedestrian; Noise; None; 20.12.2023 15:04:16; 804.8182; 0.00180006; 241.0416; Sidewalk; 18.69517; Checking Box AICar
39; Pedestrian; Noise; None; 20.12.2023 15:04:16; 804.8184; 0.00180006; 241.0415; Sidewalk; 18.71302; Checking Box AICar
39; Pedestrian; Noise; None; 20.12.2023 15:04:16; 804.8185; 0.00180006; 241.0415; Sidewalk; 18.73559; Checking Box AICar
39; Pedestrian; Noise; None; 20.12.2023 15:04:16; 804.8185; 0.00180006; 241.0415; Sidewalk; 18.74689; Checking Box AICar
39; Pedestrian; Noise; None; 20.12.2023 15:04:16; 804.8185; 0.00180006; 241.0415; Sidewalk; 18.76933; Checking Box AICar
39; Pedestrian; Noise; None; 20.12.2023 15:04:16; 804.8182; 0.00180006; 241.0413; Sidewalk; 18.79141; Checking Box AICar
39; Pedestrian; Noise; None; 20.12.2023 15:04:16; 804.8178; 0.00180006; 241.0412; Sidewalk; 18.81279; Checking Box AICar
39; Pedestrian; Noise; None; 20.12.2023 15:04:16; 804.8177; 0.00180006; 241.0411; Sidewalk; 18.83631; Checking Box AICar
39; Pedestrian; Noise; None; 20.12.2023 15:04:16; 804.8173; 0.00180006;241041; Sidewalk; 18.84715; Checking Box AICar
39; Pedestrian; Noise; None; 20.12.2023 15:04:16; 804.8168; 0.00180006;241041; Sidewalk; 18.86871; Checking Box AICar
39; Pedestrian; Noise; None; 20.12.2023 15:04:17; 804.8162; 0.00180006;241041; Sidewalk; 18.89082; Checking Box AICar
39; Pedestrian; Noise; None; 20.12.2023 15:04:17; 804.8152; 0.00180006; 241.0408; Sidewalk; 18.91282; Checking Box AICar
39; Pedestrian; Noise; None; 20.12.2023 15:04:17; 804.8152; 0.00180006; 241.0408; Sidewalk; 18.91282; Checking Box AICar
39; Pedestrian; Noise; None; 20.12.2023 15:04:17; 804.8144; 0.00180006; 241.0406; Sidewalk; 18.92514; Checking Box AICar
39; Pedestrian; Noise; None; 20.12.2023 15:04:17;804814; 0.00180006; 241.0406; Sidewalk; 18.96335; Checking Box AICar
39; Pedestrian; Noise; None; 20.12.2023 15:04:17; 804.8132; 0.00180006; 241.0406; Sidewalk; 18.9915; Checking Box AICar
39; Pedestrian; Noise; None; 20.12.2023 15:04:17; 804.8123; 0.00180006; 241.0406; Sidewalk; 19.01616; Checking Box AICar
39; Pedestrian; Noise; None; 20.12.2023 15:04:17; 804.8113; 0.00180006; 241.0405; Sidewalk; 19.03853; Checking Box AICar
39; Pedestrian; Noise; None; 20.12.2023 15:04:17; 804.8109; 0.00180006; 241.0406; Sidewalk; 19.04894; Checking Box AICar
39; Pedestrian; Noise; None; 20.12.2023 15:04:17; 804.8101; 0.00180006; 241.0405; Sidewalk; 19.06952; Checking Box AICar
39; Pedestrian; Noise; None; 20.12.2023 15:04:17;804809; 0.00180006; 241.0405; Sidewalk; 19.09193; Checking Box AICar
39; Pedestrian; Noise; None; 20.12.2023 15:04:17;804808; 0.00180006; 241.0404; Sidewalk; 19.11425; Checking Box AICar
39; Pedestrian; Noise; None; 20.12.2023 15:04:17; 804.8072; 0.00180006; 241.0403; Sidewalk; 19.13511; Checking Box AICar
39; Pedestrian; Noise; None; 20.12.2023 15:04:17; 804.8066; 0.00180006; 241.0403; Sidewalk; 19.14982; Checking Box AICar
39; Pedestrian; Noise; None; 20.12.2023 15:04:17; 804.8061; 0.00180006; 241.0403; Sidewalk; 19.17527; Checking Box AICar
39; Pedestrian; Noise; None; 20.12.2023 15:04:17; 804.8053; 0.00180006; 241.0403; Sidewalk; 19.19493; Checking Box AICar
39; Pedestrian; Noise; None; 20.12.2023 15:04:17; 804.8043; 0.00180006; 241.0402; Sidewalk; 19.21542; Checking Box AICar
39; Pedestrian; Noise; None; 20.12.2023 15:04:17; 804.8039; 0.00180006; 241.0402; Sidewalk; 19.23532; Checking Box AICar
39; Pedestrian; Noise; None; 20.12.2023 15:04:17; 804.8036; 0.00180006; 241.0402; Sidewalk; 19.24653; Checking Box AICar
39; Pedestrian; Noise; None; 20.12.2023 15:04:17; 804.8026; 0.00180006; 241.0403; Sidewalk; 19.26902; Checking Box AICar
39; Pedestrian; Noise; None; 20.12.2023 15:04:17; 804.8019; 0.00180006; 241.0403; Sidewalk; 19.29111; Checking Box AICar
39; Pedestrian; Noise; None; 20.12.2023 15:04:17; 804.8013; 0.00180006; 241.0403; Sidewalk; 19.32204; Checking Box AICar
39; Pedestrian; Noise; None; 20.12.2023 15:04:17; 804.8006; 0.00180006; 241.0403; Sidewalk; 19.34179; Checking Box AICar
39; Pedestrian; Noise; None; 20.12.2023 15:04:17; 804.7999; 0.00180006; 241.0403; Sidewalk; 19.35132; Checking Box AICar
39; Pedestrian; Noise; None; 20.12.2023 15:04:17; 804.7991; 0.00180006; 241.0403; Sidewalk; 19.37116; Checking Box AICar
39; Pedestrian; Noise; None; 20.12.2023 15:04:17; 804.7981; 0.00180006; 241.0404; Sidewalk; 19.39066; Checking Box AICar
39; Pedestrian; Noise; None; 20.12.2023 15:04:17; 804.7968; 0.00180006; 241.0404; Sidewalk; 19.41288; Checking Box AICar
39; Pedestrian; Noise; None; 20.12.2023 15:04:17;804795; 0.00180006; 241.0405; Sidewalk; 19.43492; Checking Box AICar
39; Pedestrian; Noise; None; 20.12.2023 15:04:17; 804.7941; 0.00180006; 241.0405; Sidewalk; 19.44649; Checking Box AICar
39; Pedestrian; Noise; None; 20.12.2023 15:04:17; 804.7925; 0.00180006; 241.0407; Sidewalk; 19.47465; Checking Box AICar
39; Pedestrian; Noise; None; 20.12.2023 15:04:17; 804.7899; 0.00180006; 241.0408; Sidewalk; 19.49435; Checking Box AICar
39; Pedestrian; Noise; None; 20.12.2023 15:04:17; 804.7872; 0.00180006; 241.0409; Sidewalk; 19.51533; Checking Box AICar
39; Pedestrian; Noise; None; 20.12.2023 15:04:17; 804.7842; 0.00180006; 241.0411; Sidewalk; 19.53578; Checking Box AICar
39; Pedestrian; Noise; None; 20.12.2023 15:04:17; 804.7828; 0.00180006; 241.0411; Sidewalk; 19.54629; Checking Box AICar
39; Pedestrian; Noise; None; 20.12.2023 15:04:17; 804.7797; 0.00180006; 241.0413; Sidewalk; 19.56867; Checking Box AICar
39; Pedestrian; Noise; None; 20.12.2023 15:04:17; 804.7765; 0.00180006; 241.0416; Sidewalk; 19.59071; Checking Box AICar
39; Pedestrian; Noise; None; 20.12.2023 15:04:17; 804.7727; 0.00180006; 241.0419; Sidewalk; 19.61481; Checking Box AICar
39; Pedestrian; Noise; None; 20.12.2023 15:04:17; 804.7684; 0.00180006; 241.0424; Sidewalk; 19.63962; Checking Box AICar
39; Pedestrian; Noise; None; 20.12.2023 15:04:17; 804.7661; 0.00180006; 241.0426; Sidewalk; 19.64954; Checking Box AICar
39; Pedestrian; Noise; None; 20.12.2023 15:04:17; 804.7615; 0.00180006; 241.0432; Sidewalk; 19.66936; Checking Box AICar
39; Pedestrian; Noise; None; 20.12.2023 15:04:17; 804.7563; 0.00180006;241044; Sidewalk; 19.6909; Checking Box AICar
39; Pedestrian; Noise; None; 20.12.2023 15:04:17; 804.7505; 0.00180006; 241.0451; Sidewalk; 19.71358; Checking Box AICar
39; Pedestrian; Noise; None; 20.12.2023 15:04:17; 804.7441; 0.00180006; 241.0461; Sidewalk; 19.73528; Checking Box AICar
39; Pedestrian; Noise; None; 20.12.2023 15:04:17; 804.7413; 0.00180006; 241.0466; Sidewalk; 19.74606; Checking Box AICar
39; Pedestrian; Noise; None; 20.12.2023 15:04:17; 804.7347; 0.00180006; 241.0477; Sidewalk; 19.77195; Checking Box AICar
39; Pedestrian; Noise; None; 20.12.2023 15:04:17;804728; 0.00180006;241049; Sidewalk; 19.79766; Checking Box AICar
39; Pedestrian; Noise; None; 20.12.2023 15:04:17; 804.7206; 0.00180006; 241.0505; Sidewalk; 19.81949; Checking Box AICar
39; Pedestrian; Noise; None; 20.12.2023 15:04:17; 804.7167; 0.00180006; 241.0511; Sidewalk; 19.83108; Checking Box AICar
39; Pedestrian; Noise; None; 20.12.2023 15:04:17;804713; 0.00180006; 241.0519; Sidewalk; 19.84388; Checking Box AICar
39; Pedestrian; Noise; None; 20.12.2023 15:04:17; 804.7053; 0.00180006; 241.0535; Sidewalk; 19.86811; Checking Box AICar
39; Pedestrian; Noise; None; 20.12.2023 15:04:18; 804.6926; 0.00180006;241056; Road; 0.9534999; Checking Box AICar
39; Pedestrian; Noise; None; 20.12.2023 15:04:18;804688; 0.00180006; 241.0569; Road; 0.962675; Checking Box AICar
39; Pedestrian; Noise; None; 20.12.2023 15:04:18; 804.6738; 0.00180006; 241.06; Road; 0.9901367; Checking Box AICar
39; Pedestrian; Noise; None; 20.12.2023 15:04:18; 804.6689; 0.00180006;241061; Road; 1.001188; Checking Box AICar
39; Pedestrian; Noise; None; 20.12.2023 15:04:18; 804.6598; 0.00180006; 241.0631; Road; 1.022562; Checking Box AICar
39; Pedestrian; Noise; None; 20.12.2023 15:04:18; 804.6503; 0.00180006; 241.0652; Road; 1.046226; Checking Box AICar
39; Pedestrian; Noise; None; 20.12.2023 15:04:18; 804.6403; 0.00180006; 241.0675; Road; 1.069691; Checking Box AICar
39; Pedestrian; Noise; None; 20.12.2023 15:04:18; 804.6298; 0.00180006; 241.0699; Road; 1.090132; Checking Box AICar
39; Pedestrian; Noise; None; 20.12.2023 15:04:18; 804.6245; 0.00180006; 241.0711; Road; 1.101147; Checking Box AICar
39; Pedestrian; Noise; None; 20.12.2023 15:04:18; 804.6138; 0.00180006; 241.0735; Road; 1.12301; Checking Box AICar
39; Pedestrian; Noise; None; 20.12.2023 15:04:18; 804.6024; 0.00180006; 241.0761; Road; 1.150156; Checking Box AICar
39; Pedestrian; Noise; None; 20.12.2023 15:04:18; 804.5899; 0.00180006; 241.0789; Road; 1.169277; Checking Box AICar
39; Pedestrian; Noise; None; 20.12.2023 15:04:18; 804.5765; 0.00180006;241082; Road; 1.190524; Checking Box AICar
39; Pedestrian; Noise; None; 20.12.2023 15:04:18; 804.5698; 0.00180006; 241.0837; Road; 1.201571; Checking Box AICar
39; Pedestrian; Noise; None; 20.12.2023 15:04:18; 804.5548; 0.00180006; 241.0871; Road; 1.222841; Checking Box AICar
39; Pedestrian; Noise; None; 20.12.2023 15:04:18; 804.5402; 0.00180006; 241.0906; Road; 1.245001; Checking Box AICar
39; Pedestrian; Noise; None; 20.12.2023 15:04:18; 804.5245; 0.00180006; 241.0942; Road; 1.266715; Checking Box AICar
39; Pedestrian; Noise; None; 20.12.2023 15:04:18; 804.5087; 0.00180006; 241.0981; Road; 1.293066; Checking Box AICar
39; Pedestrian; Noise; None; 20.12.2023 15:04:18; 804.5004; 0.00180006; 241.1002; Road; 1.308071; Checking Box AICar
39; Pedestrian; Noise; None; 20.12.2023 15:04:18; 804.4827; 0.00180006; 241.1046; Road; 1.328503; Checking Box AICar
39; Pedestrian; Noise; None; 20.12.2023 15:04:18;804464; 0.00180006; 241.1091; Road; 1.348773; Checking Box AICar
39; Pedestrian; Noise; None; 20.12.2023 15:04:18; 804.4445; 0.00180006; 241.1139; Road; 1.367742; Checking Box AICar
39; Pedestrian; Noise; None; 20.12.2023 15:04:18;804425; 0.00180006;241119; Road; 1.388787; null
39; Pedestrian; Noise; None; 20.12.2023 15:04:18; 804.4156; 0.00180006; 241.1216; Road; 1.400912; null
39; Pedestrian; Noise; None; 20.12.2023 15:04:18; 804.3969; 0.00180006; 241.1265; Road; 1.422356; null
39; Pedestrian; Noise; None; 20.12.2023 15:04:18; 804.3778; 0.00180006; 241.1313; Road; 1.44705; null
39; Pedestrian; Noise; None; 20.12.2023 15:04:18; 804.3586; 0.00180006; 241.1359; Road; 1.471764; null
39; Pedestrian; Noise; None; 20.12.2023 15:04:18; 804.34; 0.00180006; 241.1398; Road; 1.489758; null
39; Pedestrian; Noise; None; 20.12.2023 15:04:18; 804.3313; 0.00180006; 241.1415; Road; 1.500251; null
39; Pedestrian; Noise; None; 20.12.2023 15:04:18; 804.3145; 0.00180006; 241.1443; Road; 1.522905; null
39; Pedestrian; Noise; None; 20.12.2023 15:04:18; 804.2975; 0.00180006; 241.1465; Road; 1.544398; null
39; Pedestrian; Noise; None; 20.12.2023 15:04:18; 804.2798; 0.00180006; 241.1481; Road; 1.567307; null
39; Pedestrian; Noise; None; 20.12.2023 15:04:18; 804.2623; 0.00180006; 241.1489; Road; 1.588628; null
39; Pedestrian; Noise; None; 20.12.2023 15:04:18; 804.2533; 0.00180006; 241.1491; Road; 1.602909; null
39; Pedestrian; Noise; None; 20.12.2023 15:04:18; 804.2366; 0.00180006; 241.1489; Road; 1.625773; null
39; Pedestrian; Noise; None; 20.12.2023 15:04:18; 804.2202; 0.00180006; 241.1481; Road; 1.644108; null
39; Pedestrian; Noise; None; 20.12.2023 15:04:18;804204; 0.00180006; 241.1464; Road; 1.666829; null
39; Pedestrian; Noise; None; 20.12.2023 15:04:18; 804.1876; 0.00180006; 241.1439; Road; 1.688812; null
39; Pedestrian; Noise; None; 20.12.2023 15:04:18; 804.1796; 0.00180006; 241.1424; Road; 1.700353; null
39; Pedestrian; Noise; None; 20.12.2023 15:04:18; 804.1636; 0.00180006; 241.1389; Road; 1.722841; null
39; Pedestrian; Noise; None; 20.12.2023 15:04:18; 804.1473; 0.00180006;241135; Road; 1.744899; null
39; Pedestrian; Noise; None; 20.12.2023 15:04:18; 804.1298; 0.00180006; 241.1302; Road; 1.772147; null
39; Pedestrian; Noise; None; 20.12.2023 15:04:18; 804.1108; 0.00180006; 241.1252; Road; 1.795321; null
39; Pedestrian; Noise; None; 20.12.2023 15:04:18;804101; 0.00180006; 241.1227; Road; 1.803754; null
39; Pedestrian; Noise; None; 20.12.2023 15:04:18; 804.0811; 0.00180006; 241.1181; Road; 1.821839; null
39; Pedestrian; Noise; None; 20.12.2023 15:04:18; 804.0614; 0.00180006; 241.1138; Road; 1.844315; null
39; Pedestrian; Noise; None; 20.12.2023 15:04:18; 804.0411; 0.00180006; 241.1093; Road; 1.866671; null
39; Pedestrian; Noise; None; 20.12.2023 15:04:18; 804.0206; 0.00180006; 241.1049; Road; 1.888697; null
39; Pedestrian; Noise; None; 20.12.2023 15:04:18; 804.0093; 0.00180006; 241.1028; Road; 1.899896; null
39; Pedestrian; Noise; None; 20.12.2023 15:04:18; 803.9873; 0.00180006; 241.0991; Road; 1.927371; null
39; Pedestrian; Noise; None; 20.12.2023 15:04:19;803965; 0.00180006; 241.0959; Road; 1.945625; null
39; Pedestrian; Noise; None; 20.12.2023 15:04:19; 803.9427; 0.00180006;241093; Road; 1.966294; null
39; Pedestrian; Noise; None; 20.12.2023 15:04:19; 803.9202; 0.00180006; 241.0907; Road; 1.988365; null
39; Pedestrian; Noise; None; 20.12.2023 15:04:19; 803.9088; 0.00180006; 241.0898; Road; 1.999667; null
39; Pedestrian; Noise; None; 20.12.2023 15:04:19; 803.8856; 0.00180006; 241.0883; Road; 2.021735; null
39; Pedestrian; Noise; None; 20.12.2023 15:04:19; 803.8625; 0.00180006; 241.0873; Road; 2.044005; null
39; Pedestrian; Noise; None; 20.12.2023 15:04:19; 803.8393; 0.00180006; 241.0865; Road; 2.067483; null
39; Pedestrian; Noise; None; 20.12.2023 15:04:19; 803.8154; 0.00180006; 241.0858; Road; 2.088833; null
39; Pedestrian; Noise; None; 20.12.2023 15:04:19; 803.8033; 0.00180006; 241.0856; Road; 2.099648; null
39; Pedestrian; Noise; None; 20.12.2023 15:04:19; 803.7791; 0.00180006; 241.0854; Road; 2.12206; null
39; Pedestrian; Noise; None; 20.12.2023 15:04:19; 803.7555; 0.00180006; 241.0855; Road; 2.144245; null
39; Pedestrian; Noise; None; 20.12.2023 15:04:19; 803.7321; 0.00180006; 241.0859; Road; 2.166919; null
39; Pedestrian; Noise; None; 20.12.2023 15:04:19; 803.7084; 0.00180006; 241.0867; Road; 2.188536; null
39; Pedestrian; Noise; None; 20.12.2023 15:04:19; 803.6966; 0.00180006; 241.0872; Road; 2.199513; null
39; Pedestrian; Noise; None; 20.12.2023 15:04:19;803673; 0.00180006; 241.0888; Road; 2.225714; null
39; Pedestrian; Noise; None; 20.12.2023 15:04:19; 803.6494; 0.00180006; 241.0908; Road; 2.250451; null
39; Pedestrian; Noise; None; 20.12.2023 15:04:19; 803.6251; 0.00180006; 241.0929; Road; 2.268824; null
39; Pedestrian; Noise; None; 20.12.2023 15:04:19; 803.6013; 0.00180006; 241.0953; Road; 2.289515; null
39; Pedestrian; Noise; None; 20.12.2023 15:04:19; 803.5896; 0.00180006; 241.0967; Road; 2.299538; null
39; Pedestrian; Noise; None; 20.12.2023 15:04:19; 803.5666; 0.00180006; 241.0997; Road; 2.321723; null
39; Pedestrian; Noise; None; 20.12.2023 15:04:19; 803.5434; 0.00180006; 241.1031; Road; 2.343865; null
39; Pedestrian; Noise; None; 20.12.2023 15:04:19; 803.5204; 0.00180006; 241.1065; Road; 2.366088; null
39; Pedestrian; Noise; None; 20.12.2023 15:04:19; 803.4975; 0.00180006; 241.1096; Road; 2.392269; null
39; Pedestrian; Noise; None; 20.12.2023 15:04:19; 803.4858; 0.00180006; 241.1109; Road; 2.402604; null
39; Pedestrian; Noise; None; 20.12.2023 15:04:19; 803.4624; 0.00180006; 241.1132; Road; 2.422559; null
39; Pedestrian; Noise; None; 20.12.2023 15:04:19; 803.4385; 0.00180006;241115; Road; 2.444783; null
39; Pedestrian; Noise; None; 20.12.2023 15:04:19; 803.4151; 0.00180006; 241.1163; Road; 2.466209; null
39; Pedestrian; Noise; None; 20.12.2023 15:04:19; 803.3929; 0.00180006; 241.1174; Road; 2.488647; null
39; Pedestrian; Noise; None; 20.12.2023 15:04:19; 803.3821; 0.00180006; 241.1177; Road; 2.499895; null
39; Pedestrian; Noise; None; 20.12.2023 15:04:19;803362; 0.00180006; 241.1178; Road; 2.522794; null
39; Pedestrian; Noise; None; 20.12.2023 15:04:19; 803.3436; 0.00180006;241118; Road; 2.548385; null
39; Pedestrian; Noise; None; 20.12.2023 15:04:19; 803.3253; 0.00180006; 241.1181; Road; 2.567167; null
39; Pedestrian; Noise; None; 20.12.2023 15:04:19; 803.3083; 0.00180006; 241.1185; Road; 2.58845; null
39; Pedestrian; Noise; None; 20.12.2023 15:04:19;803301; 0.00180006; 241.1188; Road; 2.599607; null
39; Pedestrian; Noise; None; 20.12.2023 15:04:19; 803.2845; 0.00180006; 241.1189; Road; 2.621898; null
39; Pedestrian; Noise; None; 20.12.2023 15:04:19;803267; 0.00180006; 241.1186; Road; 2.644435; null
39; Pedestrian; Noise; None; 20.12.2023 15:04:19; 803.2487; 0.00180006; 241.1183; Road; 2.666503; null
39; Pedestrian; Noise; None; 20.12.2023 15:04:19; 803.2286; 0.00180006; 241.1183; Road; 2.692306; Checking Box AICar
39; Pedestrian; Noise; None; 20.12.2023 15:04:19; 803.2184; 0.00180006; 241.1183; Road; 2.707149; Checking Box AICar
39; Pedestrian; Noise; None; 20.12.2023 15:04:19; 803.1979; 0.00180006; 241.1182; Road; 2.727425; Checking Box AICar
39; Pedestrian; Noise; None; 20.12.2023 15:04:19; 803.1771; 0.00180006; 241.1179; Road; 2.74652; Checking Box AICar
39; Pedestrian; Noise; None; 20.12.2023 15:04:19; 803.1552; 0.00180006; 241.1177; Road; 2.766263; Checking Box AICar
39; Pedestrian; Noise; None; 20.12.2023 15:04:19; 803.1319; 0.00180006; 241.1178; Road; 2.788491; Checking Box AICar
39; Pedestrian; Noise; None; 20.12.2023 15:04:19; 803.12; 0.00180006; 241.1178; Road; 2.800036; Checking Box AICar
39; Pedestrian; Noise; None; 20.12.2023 15:04:19; 803.0946; 0.00180006; 241.1178; Road; 2.822135; Checking Box AICar
39; Pedestrian; Noise; None; 20.12.2023 15:04:19; 803.0679; 0.00180006; 241.1179; Road; 2.847436; Checking Box AICar
39; Pedestrian; Noise; None; 20.12.2023 15:04:19; 803.0404; 0.00180006; 241.1177; Road; 2.871035; Checking Box AICar
39; Pedestrian; Noise; None; 20.12.2023 15:04:19; 803.0118; 0.00180006; 241.1174; Road; 2.891896; Checking Box AICar
39; Pedestrian; Noise; None; 20.12.2023 15:04:19; 802.9966; 0.00180006; 241.1171; Road; 2.901677; Checking Box AICar
39; Pedestrian; Noise; None; 20.12.2023 15:04:19; 802.9666; 0.00180006; 241.1163; Road; 2.923416; Checking Box AICar
39; Pedestrian; Noise; None; 20.12.2023 15:04:20; 802.9356; 0.00180006; 241.1154; Road; 2.943936; Checking Box AICar
39; Pedestrian; Noise; None; 20.12.2023 15:04:20; 802.9028; 0.00180006; 241.1144; Road; 2.965875; Checking Box AICar
39; Pedestrian; Noise; None; 20.12.2023 15:04:20; 802.8687; 0.00180006; 241.1134; Road; 2.98874; Checking Box AICar
39; Pedestrian; Noise; None; 20.12.2023 15:04:20; 802.8508; 0.00180006; 241.1128; Road; 3.002679; Checking Box AICar
39; Pedestrian; Noise; None; 20.12.2023 15:04:20; 802.8146; 0.00180006; 241.1121; Road; 3.024995; Checking Box AICar
39; Pedestrian; Noise; None; 20.12.2023 15:04:20;802777; 0.00180006; 241.1114; Road; 3.045997; Checking Box AICar
39; Pedestrian; Noise; None; 20.12.2023 15:04:20; 802.7391; 0.00180006; 241.1109; Road; 3.066406; null
39; Pedestrian; Noise; None; 20.12.2023 15:04:20; 802.7006; 0.00180006; 241.1107; Road; 3.088342; null
39; Pedestrian; Noise; None; 20.12.2023 15:04:20; 802.6812; 0.00180006; 241.1106; Road; 3.100163; null
39; Pedestrian; Noise; None; 20.12.2023 15:04:20; 802.6419; 0.00180006;241111; Road; 3.121886; null
39; Pedestrian; Noise; None; 20.12.2023 15:04:20; 802.6021; 0.00180006; 241.1116; Road; 3.144113; null
39; Pedestrian; Noise; None; 20.12.2023 15:04:20; 802.5626; 0.00180006; 241.1126; Road; 3.170805; null
39; Pedestrian; Noise; None; 20.12.2023 15:04:20; 802.5241; 0.00180006; 241.1136; Road; 3.19416; null
39; Pedestrian; Noise; None; 20.12.2023 15:04:20; 802.5054; 0.00180006;241114; Road; 3.204733; null
39; Pedestrian; Noise; None; 20.12.2023 15:04:20; 802.4505; 0.00180006; 241.1154; Road; 3.234699; null
39; Pedestrian; Noise; None; 20.12.2023 15:04:20; 802.4323; 0.00180006;241116; Road; 3.242996; null
39; Pedestrian; Noise; None; 20.12.2023 15:04:20; 802.3782; 0.00180006; 241.1178; Road; 3.277147; null
39; Pedestrian; Noise; None; 20.12.2023 15:04:20; 802.3608; 0.00180006; 241.1185; Road; 3.287791; null
39; Pedestrian; Noise; None; 20.12.2023 15:04:20; 802.3447; 0.00180006; 241.1195; Road; 3.299549; null
39; Pedestrian; Noise; None; 20.12.2023 15:04:20;802311; 0.00180006;241121; Road; 3.326464; null
39; Pedestrian; Noise; None; 20.12.2023 15:04:20; 802.2772; 0.00180006; 241.1224; Road; 3.346962; null
39; Pedestrian; Noise; None; 20.12.2023 15:04:20; 802.2267; 0.00180006; 241.1235; Road; 3.377775; null
39; Pedestrian; Noise; None; 20.12.2023 15:04:20; 802.1934; 0.00180006; 241.1239; Road; 3.39931; null
39; Pedestrian; Noise; None; 20.12.2023 15:04:20; 802.1934; 0.00180006; 241.1239; Road; 3.39931; null
39; Pedestrian; Noise; None; 20.12.2023 15:04:20; 802.1593; 0.00180006; 241.1245; Road; 3.421615; Checking Box Human Car
39; Pedestrian; Noise; None; 20.12.2023 15:04:20; 802.1422; 0.00180006; 241.1249; Road; 3.432552; Checking Box Human Car
39; Pedestrian; Noise; None; 20.12.2023 15:04:20; 802.0905; 0.00180006; 241.1262; Road; 3.444332; Checking Box Human Car
39; Pedestrian; Noise; None; 20.12.2023 15:04:20; 802.0728; 0.00180006; 241.1266; Road; 3.482332; Checking Box Human Car
39; Pedestrian; Noise; None; 20.12.2023 15:04:20; 802.0203; 0.00180006; 241.1283; Road; 3.510224; Checking Box Human Car
39; Pedestrian; Noise; None; 20.12.2023 15:04:20; 801.9849; 0.00180006; 241.1299; Road; 3.532372; Checking Box Human Car
39; Pedestrian; Noise; None; 20.12.2023 15:04:20; 801.9494; 0.00180006;241132; Road; 3.554659; Checking Box Human Car
39; Pedestrian; Noise; None; 20.12.2023 15:04:20; 801.9315; 0.00180006; 241.1332; Road; 3.56539; Checking Box Human Car
39; Pedestrian; Noise; None; 20.12.2023 15:04:20; 801.8951; 0.00180006; 241.1359; Road; 3.588856; Checking Box Human Car
39; Pedestrian; Noise; None; 20.12.2023 15:04:20; 801.8771; 0.00180006; 241.1374; Road; 3.600743; Checking Box Human Car
39; Pedestrian; Noise; None; 20.12.2023 15:04:20; 801.8412; 0.00180006; 241.1404; Road; 3.622184; Checking Box Human Car
39; Pedestrian; Noise; None; 20.12.2023 15:04:20; 801.8047; 0.00180006; 241.1439; Road; 3.643428; Checking Box Human Car
39; Pedestrian; Noise; None; 20.12.2023 15:04:20; 801.7668; 0.00180006; 241.1476; Road; 3.670959; Checking Box Human Car
39; Pedestrian; Noise; None; 20.12.2023 15:04:20; 801.7098; 0.00180006; 241.1534; Road; 3.701146; Checking Box Human Car
39; Pedestrian; Noise; None; 20.12.2023 15:04:20; 801.6905; 0.00180006; 241.1554; Road; 3.709878; Checking Box Human Car
39; Pedestrian; Noise; None; 20.12.2023 15:04:20; 801.6708; 0.00180006; 241.1574; Road; 3.721116; Checking Box Human Car
39; Pedestrian; Noise; None; 20.12.2023 15:04:20; 801.6332; 0.00180006; 241.1614; Road; 3.744055; Checking Box Human Car
39; Pedestrian; Noise; None; 20.12.2023 15:04:20; 801.5972; 0.00180006;241165; Road; 3.766069; Checking Box Human Car
39; Pedestrian; Noise; None; 20.12.2023 15:04:20;801562; 0.00180006; 241.1681; Road; 3.788053; Checking Box Human Car
39; Pedestrian; Noise; None; 20.12.2023 15:04:20; 801.5447; 0.00180006; 241.1694; Road; 3.799831; Checking Box Human Car
39; Pedestrian; Noise; None; 20.12.2023 15:04:20; 801.5096; 0.00180006; 241.1721; Road; 3.828175; Checking Box Human Car
39; Pedestrian; Noise; None; 20.12.2023 15:04:20; 801.4749; 0.00180006; 241.1745; Road; 3.847086; Checking Box Human Car
39; Pedestrian; Noise; None; 20.12.2023 15:04:20; 801.4412; 0.00180006; 241.1764; Road; 3.865754; Checking Box Human Car
39; Pedestrian; Noise; None; 20.12.2023 15:04:20;801392; 0.00180006; 241.1788; Road; 3.899301; Checking Box Human Car
39; Pedestrian; Noise; None; 20.12.2023 15:04:20;801392; 0.00180006; 241.1788; Road; 3.899301; Checking Box Human Car
39; Pedestrian; Noise; None; 20.12.2023 15:04:20; 801.3432; 0.00180006; 241.1805; Road; 3.932943; Checking Box Human Car
39; Pedestrian; Noise; None; 20.12.2023 15:04:21; 801.3268; 0.00180006;241181; Road; 3.943203; Checking Box Human Car
39; Pedestrian; Noise; None; 20.12.2023 15:04:21; 801.2947; 0.00180006;241182; Road; 3.970268; Checking Box Human Car
39; Pedestrian; Noise; None; 20.12.2023 15:04:21; 801.2623; 0.00180006; 241.1826; Road; 3.996556; Checking Box Human Car
39; Pedestrian; Noise; None; 20.12.2023 15:04:21; 801.2458; 0.00180006; 241.1828; Road; 4.005763; Checking Box Human Car
39; Pedestrian; Noise; None; 20.12.2023 15:04:21;801212; 0.00180006; 241.1829; Road; 4.025911; Checking Box Human Car
39; Pedestrian; Noise; None; 20.12.2023 15:04:21; 801.16; 0.00180006; 241.1824; Road; 4.054674; null
39; Pedestrian; Noise; None; 20.12.2023 15:04:21; 801.1426; 0.00180006; 241.1822; Road; 4.065348; null
39; Pedestrian; Noise; None; 20.12.2023 15:04:21; 801.1091; 0.00180006; 241.1814; Road; 4.088122; null
39; Pedestrian; Noise; None; 20.12.2023 15:04:21; 801.0919; 0.00180006; 241.1809; Road; 4.099318; null
39; Pedestrian; Noise; None; 20.12.2023 15:04:21; 801.0575; 0.00180006; 241.1799; Road; 4.125351; null
39; Pedestrian; Noise; None; 20.12.2023 15:04:21; 801.0057; 0.00180006; 241.1781; Road; 4.156662; null
39; Pedestrian; Noise; None; 20.12.2023 15:04:21; 800.9707; 0.00180006; 241.1768; Road; 4.176833; null
39; Pedestrian; Noise; None; 20.12.2023 15:04:21; 800.9366; 0.00180006; 241.1756; Road; 4.199092; null
39; Pedestrian; Noise; None; 20.12.2023 15:04:21; 800.9197; 0.00180006; 241.1748; Road; 4.20956; null
39; Pedestrian; Noise; None; 20.12.2023 15:04:21; 800.9029; 0.00180006; 241.1741; Road; 4.220819; null
39; Pedestrian; Noise; None; 20.12.2023 15:04:21; 800.8693; 0.00180006;241173; Road; 4.243399; null
39; Pedestrian; Noise; None; 20.12.2023 15:04:21; 800.8339; 0.00180006; 241.1722; Road; 4.265641; null
39; Pedestrian; Noise; None; 20.12.2023 15:04:21;800801; 0.00180006; 241.1718; Road; 4.291368; null
39; Pedestrian; Noise; None; 20.12.2023 15:04:21; 800.7854; 0.00180006; 241.1718; Road; 4.301637; null
39; Pedestrian; Noise; None; 20.12.2023 15:04:21; 800.7556; 0.00180006; 241.1726; Road; 4.321259; null
39; Pedestrian; Noise; None; 20.12.2023 15:04:21; 800.7131; 0.00180006; 241.1753; Road; 4.355111; null
39; Pedestrian; Noise; None; 20.12.2023 15:04:21; 800.6879; 0.00180006; 241.1777; Road; 4.376184; null
39; Pedestrian; Noise; None; 20.12.2023 15:04:21; 800.6649; 0.00180006; 241.1804; Road; 4.399266; null
39; Pedestrian; Noise; None; 20.12.2023 15:04:21; 800.6649; 0.00180006; 241.1804; Road; 4.399266; null
39; Pedestrian; Noise; None; 20.12.2023 15:04:21; 800.6454; 0.00180006;241184; Road; 4.421386; null
39; Pedestrian; Noise; None; 20.12.2023 15:04:21; 800.6284; 0.00180006; 241.1885; Road; 4.448244; null
39; Pedestrian; Noise; None; 20.12.2023 15:04:21; 800.6141; 0.00180006; 241.1937; Road; 4.469532; null
39; Pedestrian; Noise; None; 20.12.2023 15:04:21;800598; 0.00180006; 241.2013; Road; 4.49927; null
39; Pedestrian; Noise; None; 20.12.2023 15:04:21; 800.5938; 0.00180006; 241.2038; Road; 4.508906; null
39; Pedestrian; Noise; None; 20.12.2023 15:04:21; 800.5864; 0.00180006; 241.2089; Road; 4.531281; null
39; Pedestrian; Noise; None; 20.12.2023 15:04:21; 800.5833; 0.00180006;241214; Road; 4.553605; null
39; Pedestrian; Noise; None; 20.12.2023 15:04:21; 800.5825; 0.00180006; 241.2166; Road; 4.565034; null
39; Pedestrian; Noise; None; 20.12.2023 15:04:21; 800.5823; 0.00180006; 241.2213; Road; 4.587946; null
39; Pedestrian; Noise; None; 20.12.2023 15:04:21; 800.5834; 0.00180006; 241.2235; Road; 4.603472; null
39; Pedestrian; Noise; None; 20.12.2023 15:04:21; 800.5885; 0.00180006; 241.2286; Road; 4.631555; null
39; Pedestrian; Noise; None; 20.12.2023 15:04:21; 800.5922; 0.00180006; 241.2313; Road; 4.653873; null
39; Pedestrian; Noise; None; 20.12.2023 15:04:21; 800.5959; 0.00180006; 241.2338; Road; 4.675488; null
39; Pedestrian; Noise; None; 20.12.2023 15:04:21;800598; 0.00180006;241235; Road; 4.686852; null
39; Pedestrian; Noise; None; 20.12.2023 15:04:21; 800.6011; 0.00180006; 241.2372; Road; 4.710145; null
39; Pedestrian; Noise; None; 20.12.2023 15:04:21; 800.6025; 0.00180006; 241.2383; Road; 4.720809; null
39; Pedestrian; Noise; None; 20.12.2023 15:04:21; 800.6041; 0.00180006; 241.2402; Road; 4.747213; null
39; Pedestrian; Noise; None; 20.12.2023 15:04:21; 800.6053; 0.00180006; 241.2419; Road; 4.771579; null
39; Pedestrian; Noise; None; 20.12.2023 15:04:21; 800.6039; 0.00180006; 241.2445; Road; 4.79952; null
39; Pedestrian; Noise; None; 20.12.2023 15:04:21; 800.6024; 0.00180006; 241.2454; Road; 4.80859; null
39; Pedestrian; Noise; None; 20.12.2023 15:04:21; 800.6002; 0.00180006; 241.2463; Road; 4.820713; null
39; Pedestrian; Noise; None; 20.12.2023 15:04:21; 800.5917; 0.00180006; 241.2491; Road; 4.853156; null
39; Pedestrian; Noise; None; 20.12.2023 15:04:21; 800.5849; 0.00180006; 241.2512; Road; 4.87568; null
39; Pedestrian; Noise; None; 20.12.2023 15:04:21; 800.5814; 0.00180006; 241.2522; Road; 4.887432; null
39; Pedestrian; Noise; None; 20.12.2023 15:04:21; 800.5778; 0.00180006; 241.2532; Road; 4.90119; null
39; Pedestrian; Noise; None; 20.12.2023 15:04:21; 800.5668; 0.00180006; 241.2562; Road; 4.932728; null
39; Pedestrian; Noise; None; 20.12.2023 15:04:22; 800.5593; 0.00180006; 241.2582; Road; 4.953378; null
39; Pedestrian; Noise; None; 20.12.2023 15:04:22;800552; 0.00180006; 241.2603; Road; 4.975975; null
39; Pedestrian; Noise; None; 20.12.2023 15:04:22; 800.5436; 0.00180006; 241.2623; Road; 4.99864; null
39; Pedestrian; Noise; None; 20.12.2023 15:04:22; 800.5391; 0.00180006; 241.2632; Road; 5.008945; null
39; Pedestrian; Noise; None; 20.12.2023 15:04:22; 800.5285; 0.00180006;241265; Road; 5.031586; null
39; Pedestrian; Noise; None; 20.12.2023 15:04:22;800523; 0.00180006; 241.2657; Road; 5.04254; null
39; Pedestrian; Noise; None; 20.12.2023 15:04:22; 800.5018; 0.00180006; 241.2671; Road; 5.079047; null
39; Pedestrian; Noise; None; 20.12.2023 15:04:22; 800.4854; 0.00180006; 241.2673; Road; 5.097805; null
39; Pedestrian; Noise; None; 20.12.2023 15:04:22; 800.4758; 0.00180006; 241.2672; Road; 5.108679; null
39; Pedestrian; Noise; None; 20.12.2023 15:04:22; 800.4557; 0.00180006; 241.2664; Road; 5.131403; null
39; Pedestrian; Noise; None; 20.12.2023 15:04:22; 800.4333; 0.00180006;241265; Road; 5.154031; null
39; Pedestrian; Noise; None; 20.12.2023 15:04:22; 800.4089; 0.00180006; 241.2629; Road; 5.175758; null
39; Pedestrian; Noise; None; 20.12.2023 15:04:22; 800.3835; 0.00180006; 241.2604; Road; 5.198154; null
39; Pedestrian; Noise; None; 20.12.2023 15:04:22; 800.3835; 0.00180006; 241.2604; Road; 5.198154; null
39; Pedestrian; Noise; None; 20.12.2023 15:04:22; 800.3393; 0.00180006; 241.2556; Road; 5.232446; null
39; Pedestrian; Noise; None; 20.12.2023 15:04:22; 800.3065; 0.00180006; 241.2516; Road; 5.252891; null
39; Pedestrian; Noise; None; 20.12.2023 15:04:22; 800.2726; 0.00180006; 241.2472; Road; 5.275842; null
39; Pedestrian; Noise; None; 20.12.2023 15:04:22; 800.2372; 0.00180006; 241.2423; Road; 5.298223; null
39; Pedestrian; Noise; None; 20.12.2023 15:04:22; 800.2189; 0.00180006; 241.2396; Road; 5.308655; null
39; Pedestrian; Noise; None; 20.12.2023 15:04:22; 800.1808; 0.00180006; 241.2336; Road; 5.331254; null
39; Pedestrian; Noise; None; 20.12.2023 15:04:22;800162; 0.00180006; 241.2305; Road; 5.342409; null
39; Pedestrian; Noise; None; 20.12.2023 15:04:22; 800.1234; 0.00180006;241224; Road; 5.367527; null
39; Pedestrian; Noise; None; 20.12.2023 15:04:22; 800.0646; 0.00180006; 241.2137; Road; 5.399828; null
39; Pedestrian; Noise; None; 20.12.2023 15:04:22; 800.0453; 0.00180006; 241.21; Road; 5.408295; null
39; Pedestrian; Noise; None; 20.12.2023 15:04:22; 800.0073; 0.00180006;241203; Road; 5.431248; null
39; Pedestrian; Noise; None; 20.12.2023 15:04:22; 799.9708; 0.00180006;241196; Road; 5.453477; null
39; Pedestrian; Noise; None; 20.12.2023 15:04:22; 799.9346; 0.00180006; 241.1893; Road; 5.475333; null
39; Pedestrian; Noise; None; 20.12.2023 15:04:22; 799.9164; 0.00180006; 241.1862; Road; 5.487507; null
39; Pedestrian; Noise; None; 20.12.2023 15:04:22; 799.8986; 0.00180006; 241.1833; Road; 5.500331; null
39; Pedestrian; Noise; None; 20.12.2023 15:04:22; 799.8806; 0.00180006; 241.1807; Road; 5.512971; null
39; Pedestrian; Noise; None; 20.12.2023 15:04:22; 799.8111; 0.00180006; 241.1719; Road; 5.553042; null
39; Pedestrian; Noise; None; 20.12.2023 15:04:22; 799.7943; 0.00180006; 241.1702; Road; 5.564715; null
39; Pedestrian; Noise; None; 20.12.2023 15:04:22; 799.7438; 0.00180006; 241.1667; Road; 5.598634; null
39; Pedestrian; Noise; None; 20.12.2023 15:04:22; 799.7274; 0.00180006; 241.1663; Road; 5.608509; null
39; Pedestrian; Noise; None; 20.12.2023 15:04:22; 799.6939; 0.00180006; 241.1658; Road; 5.631429; null
39; Pedestrian; Noise; None; 20.12.2023 15:04:22; 799.66; 0.00180006;241166; Road; 5.654254; null
39; Pedestrian; Noise; None; 20.12.2023 15:04:22; 799.6423; 0.00180006; 241.1664; Road; 5.664501; null
39; Pedestrian; Noise; None; 20.12.2023 15:04:22; 799.6066; 0.00180006; 241.1681; Road; 5.692114; null
39; Pedestrian; Noise; None; 20.12.2023 15:04:22; 799.5709; 0.00180006; 241.1706; Road; 5.712108; null
39; Pedestrian; Noise; None; 20.12.2023 15:04:22;799535; 0.00180006; 241.1732; Road; 5.731114; null
39; Pedestrian; Noise; None; 20.12.2023 15:04:22; 799.4987; 0.00180006; 241.1764; Road; 5.753863; null
39; Pedestrian; Noise; None; 20.12.2023 15:04:22; 799.4612; 0.00180006; 241.1801; Road; 5.775768; null
39; Pedestrian; Noise; None; 20.12.2023 15:04:22; 799.4235; 0.00180006; 241.1844; Road; 5.798066; null
39; Pedestrian; Noise; None; 20.12.2023 15:04:22; 799.4049; 0.00180006; 241.1868; Road; 5.809316; null
39; Pedestrian; Noise; None; 20.12.2023 15:04:22;799386; 0.00180006; 241.1892; Road; 5.820539; null
39; Pedestrian; Noise; None; 20.12.2023 15:04:22; 799.3485; 0.00180006; 241.1941; Road; 5.847832; null
39; Pedestrian; Noise; None; 20.12.2023 15:04:22; 799.2925; 0.00180006; 241.2018; Road; 5.87532; null
39; Pedestrian; Noise; None; 20.12.2023 15:04:22; 799.2545; 0.00180006; 241.2072; Road; 5.898717; null
39; Pedestrian; Noise; None; 20.12.2023 15:04:22; 799.2354; 0.00180006; 241.21; Road; 5.908311; null
39; Pedestrian; Noise; None; 20.12.2023 15:04:22; 799.1977; 0.00180006; 241.2154; Road; 5.931214; null
39; Pedestrian; Noise; None; 20.12.2023 15:04:23; 799.1601; 0.00180006;241221; Road; 5.953385; null
39; Pedestrian; Noise; None; 20.12.2023 15:04:23; 799.1412; 0.00180006; 241.2236; Road; 5.964214; null
39; Pedestrian; Noise; None; 20.12.2023 15:04:23;799102; 0.00180006; 241.2285; Road; 5.990607; null
39; Pedestrian; Noise; None; 20.12.2023 15:04:23; 799.0832; 0.00180006; 241.2309; Road; 6.005511; null
39; Pedestrian; Noise; None; 20.12.2023 15:04:23;799044; 0.00180006; 241.2351; Road; 6.024885; null
39; Pedestrian; Noise; None; 20.12.2023 15:04:23; 798.9866; 0.00180006; 241.2408; Road; 6.053078; null
39; Pedestrian; Noise; None; 20.12.2023 15:04:23; 798.9487; 0.00180006; 241.2439; Road; 6.075495; null
39; Pedestrian; Noise; None; 20.12.2023 15:04:23; 798.9107; 0.00180006; 241.2463; Road; 6.098752; null
39; Pedestrian; Noise; None; 20.12.2023 15:04:23; 798.8915; 0.00180006; 241.2473; Road; 6.109093; null
39; Pedestrian; Noise; None; 20.12.2023 15:04:23; 798.8728; 0.00180006; 241.2484; Road; 6.120034; null
39; Pedestrian; Noise; None; 20.12.2023 15:04:23; 798.8344; 0.00180006; 241.2502; Road; 6.144449; null
39; Pedestrian; Noise; None; 20.12.2023 15:04:23; 798.7768; 0.00180006; 241.2522; Road; 6.176367; null
39; Pedestrian; Noise; None; 20.12.2023 15:04:23; 798.7392; 0.00180006; 241.2534; Road; 6.198357; null
39; Pedestrian; Noise; None; 20.12.2023 15:04:23; 798.7392; 0.00180006; 241.2534; Road; 6.198357; null
39; Pedestrian; Noise; None; 20.12.2023 15:04:23; 798.7392; 0.00180006; 241.2534; Road; 6.198357; null
39; Pedestrian; Noise; None; 20.12.2023 15:04:23; 798.6653; 0.00180006; 241.2547; Road; 6.20866; null
39; Pedestrian; Noise; None; 20.12.2023 15:04:23; 798.6277; 0.00180006; 241.2551; Road; 6.274776; null
39; Pedestrian; Noise; None; 20.12.2023 15:04:23; 798.5901; 0.00180006; 241.2553; Road; 6.284884; null
39; Pedestrian; Noise; None; 20.12.2023 15:04:23;798571; 0.00180006; 241.2553; Road; 6.299042; null
39; Pedestrian; Noise; None; 20.12.2023 15:04:23; 798.5129; 0.00180006; 241.2547; Road; 6.332933; null
39; Pedestrian; Noise; None; 20.12.2023 15:04:23; 798.4745; 0.00180006;241254; Road; 6.353961; null
39; Pedestrian; Noise; None; 20.12.2023 15:04:23;798436; 0.00180006; 241.2529; Road; 6.375405; null
39; Pedestrian; Noise; None; 20.12.2023 15:04:23; 798.3972; 0.00180006; 241.2513; Road; 6.397964; null
39; Pedestrian; Noise; None; 20.12.2023 15:04:23; 798.3778; 0.00180006; 241.2503; Road; 6.408346; null
39; Pedestrian; Noise; None; 20.12.2023 15:04:23; 798.3385; 0.00180006; 241.2481; Road; 6.430908; null
39; Pedestrian; Noise; None; 20.12.2023 15:04:23; 798.3192; 0.00180006;241247; Road; 6.442163; null
39; Pedestrian; Noise; None; 20.12.2023 15:04:23; 798.2605; 0.00180006;241243; Road; 6.477558; null
39; Pedestrian; Noise; None; 20.12.2023 15:04:23; 798.2212; 0.00180006; 241.2399; Road; 6.498006; null
39; Pedestrian; Noise; None; 20.12.2023 15:04:23; 798.2015; 0.00180006; 241.2383; Road; 6.508197; null
39; Pedestrian; Noise; None; 20.12.2023 15:04:23;798162; 0.00180006; 241.2349; Road; 6.530811; null
39; Pedestrian; Noise; None; 20.12.2023 15:04:23; 798.1218; 0.00180006; 241.2315; Road; 6.553752; null
39; Pedestrian; Noise; None; 20.12.2023 15:04:23;798082; 0.00180006; 241.2283; Road; 6.575711; null
39; Pedestrian; Noise; None; 20.12.2023 15:04:23; 798.0624; 0.00180006; 241.2267; Road; 6.586275; null
39; Pedestrian; Noise; None; 20.12.2023 15:04:23; 798.0432; 0.00180006; 241.2252; Road; 6.598772; null
39; Pedestrian; Noise; None; 20.12.2023 15:04:23; 797.9858; 0.00180006; 241.2205; Road; 6.635033; null
39; Pedestrian; Noise; None; 20.12.2023 15:04:23; 797.9478; 0.00180006; 241.2177; Road; 6.652752; null
39; Pedestrian; Noise; None; 20.12.2023 15:04:23; 797.9102; 0.00180006;241215; Road; 6.676043; null
39; Pedestrian; Noise; None; 20.12.2023 15:04:23; 797.8731; 0.00180006; 241.2124; Road; 6.697932; null
39; Pedestrian; Noise; None; 20.12.2023 15:04:23; 797.8547; 0.00180006; 241.2112; Road; 6.708181; null
39; Pedestrian; Noise; None; 20.12.2023 15:04:23; 797.8181; 0.00180006; 241.2089; Road; 6.730494; null
39; Pedestrian; Noise; None; 20.12.2023 15:04:23;797782; 0.00180006; 241.2068; Road; 6.752991; null
39; Pedestrian; Noise; None; 20.12.2023 15:04:23; 797.7639; 0.00180006; 241.2059; Road; 6.765519; null
39; Pedestrian; Noise; None; 20.12.2023 15:04:23; 797.7098; 0.00180006; 241.2032; Road; 6.798014; null
39; Pedestrian; Noise; None; 20.12.2023 15:04:23; 797.7098; 0.00180006; 241.2032; Road; 6.798014; null
39; Pedestrian; Noise; None; 20.12.2023 15:04:23; 797.6567; 0.00180006; 241.2012; Road; 6.831949; null
39; Pedestrian; Noise; None; 20.12.2023 15:04:23; 797.6217; 0.00180006; 241.2; Road; 6.85377; null
39; Pedestrian; Noise; None; 20.12.2023 15:04:23; 797.5855; 0.00180006; 241.1991; Road; 6.875118; null
39; Pedestrian; Noise; None; 20.12.2023 15:04:23; 797.5493; 0.00180006; 241.1983; Road; 6.897497; null
39; Pedestrian; Noise; None; 20.12.2023 15:04:23;797532; 0.00180006; 241.1982; Road; 6.908516; null
39; Pedestrian; Noise; None; 20.12.2023 15:04:23; 797.5143; 0.00180006; 241.1981; Road; 6.920856; null
39; Pedestrian; Noise; None; 20.12.2023 15:04:24; 797.4618; 0.00180006; 241.1985; Road; 6.953376; null
39; Pedestrian; Noise; None; 20.12.2023 15:04:24; 797.4267; 0.00180006;241199; Road; 6.97542; null
39; Pedestrian; Noise; None; 20.12.2023 15:04:24; 797.3922; 0.00180006; 241.1999; Road; 6.99801; null
39; Pedestrian; Noise; None; 20.12.2023 15:04:24;797375; 0.00180006; 241.2006; Road; 7.007897; null
39; Pedestrian; Noise; None; 20.12.2023 15:04:24; 797.3409; 0.00180006; 241.2019; Road; 7.031847; null
39; Pedestrian; Noise; None; 20.12.2023 15:04:24; 797.3072; 0.00180006; 241.2033; Road; 7.054417; null
39; Pedestrian; Noise; None; 20.12.2023 15:04:24; 797.29; 0.00180006;241204; Road; 7.064723; null
39; Pedestrian; Noise; None; 20.12.2023 15:04:24; 797.2558; 0.00180006; 241.2054; Road; 7.095059; null
39; Pedestrian; Noise; None; 20.12.2023 15:04:24;797239; 0.00180006; 241.2062; Road; 7.104282; null
39; Pedestrian; Noise; None; 20.12.2023 15:04:24; 797.1897; 0.00180006; 241.2083; Road; 7.132891; null
39; Pedestrian; Noise; None; 20.12.2023 15:04:24; 797.1588; 0.00180006; 241.2097; Road; 7.152949; null
39; Pedestrian; Noise; None; 20.12.2023 15:04:24; 797.1277; 0.00180006; 241.2105; Road; 7.174975; null
39; Pedestrian; Noise; None; 20.12.2023 15:04:24; 797.0967; 0.00180006; 241.2112; Road; 7.197692; null
39; Pedestrian; Noise; None; 20.12.2023 15:04:24; 797.0814; 0.00180006; 241.2117; Road; 7.209728; null
39; Pedestrian; Noise; None; 20.12.2023 15:04:24; 797.0668; 0.00180006; 241.2122; Road; 7.220006; null
39; Pedestrian; Noise; None; 20.12.2023 15:04:24;797023; 0.00180006;241213; Road; 7.256712; null
39; Pedestrian; Noise; None; 20.12.2023 15:04:24; 796.9941; 0.00180006;241213; Road; 7.275212; null
39; Pedestrian; Noise; None; 20.12.2023 15:04:24; 796.9661; 0.00180006; 241.2128; Road; 7.29814; null
39; Pedestrian; Noise; None; 20.12.2023 15:04:24; 796.9522; 0.00180006; 241.2126; Road; 7.308212; null
39; Pedestrian; Noise; None; 20.12.2023 15:04:24; 796.9253; 0.00180006; 241.2121; Road; 7.330833; null
39; Pedestrian; Noise; None; 20.12.2023 15:04:24; 796.9113; 0.00180006; 241.2118; Road; 7.341456; null
39; Pedestrian; Noise; None; 20.12.2023 15:04:24; 796.8831; 0.00180006;241211; Road; 7.366282; null
39; Pedestrian; Noise; None; 20.12.2023 15:04:24;796854; 0.00180006; 241.2096; Road; 7.393825; null
39; Pedestrian; Noise; None; 20.12.2023 15:04:24; 796.84; 0.00180006;241209;  After Road;0; null
39; Pedestrian; Noise; None; 20.12.2023 15:04:24; 796.8099; 0.00180006; 241.2071;  After Road; 0.0192835; null
39; Pedestrian; Noise; None; 20.12.2023 15:04:24; 796.7806; 0.00180006; 241.2053;  After Road; 0.0392508; null
39; Pedestrian; Noise; None; 20.12.2023 15:04:24;796736; 0.00180006; 241.2023;  After Road; 0.0689299; null
39; Pedestrian; Noise; None; 20.12.2023 15:04:24; 796.7068; 0.00180006; 241.2;  After Road; 0.0911105; null
39; Pedestrian; Noise; None; 20.12.2023 15:04:24; 796.6921; 0.00180006; 241.1987;  After Road; 0.1008499; null
39; Pedestrian; Noise; None; 20.12.2023 15:04:24; 796.6775; 0.00180006; 241.1973;  After Road; 0.1130617; null
39; Pedestrian; Noise; None; 20.12.2023 15:04:24; 796.6482; 0.00180006; 241.1943;  After Road; 0.1364431; null
39; Pedestrian; Noise; None; 20.12.2023 15:04:24; 796.6048; 0.00180006; 241.1893;  After Road; 0.1710298; null
39; Pedestrian; Noise; None; 20.12.2023 15:04:24;796575; 0.00180006; 241.1859;  After Road; 0.1910848; null
